# SDSS footprint
#
# SDSS catalog: DR14Q_v3_1.fits
# Removing SDSS MJD: MJD_min = 55000
# Removing low redshift quasars: z_min = 1.8
# NSIDE = 16
# NEST = True
#
# pixel_index density [nb/deg^{2}]
#
#
0 1.69786e+01
2 1.95105e+01
34 6.55313e+00
40 2.19679e+01
41 1.95849e+01
42 2.51700e+01
43 3.04572e+01
44 3.05316e+00
46 3.08295e+01
47 1.01276e+01
128 2.53189e+01
129 3.41805e+01
130 3.89464e+01
131 2.68083e+01
132 2.84465e+01
133 1.37765e+01
134 1.80211e+01
135 9.90416e+00
136 3.02338e+01
137 1.72764e+01
138 3.14252e+01
139 1.54892e+01
140 1.39999e+01
141 2.23402e+00
142 4.84038e+00
144 4.91485e+00
146 1.48935e-01
160 1.80956e+01
161 8.86162e+00
162 7.74461e+00
168 1.48935e-01
256 1.55637e+01
257 1.85424e+01
258 1.77232e+01
259 2.04785e+01
260 2.26381e+01
261 2.65849e+01
262 2.42019e+01
263 2.37551e+01
264 2.28615e+01
265 2.39785e+01
266 1.77232e+01
267 1.58616e+01
268 1.76488e+01
269 2.07764e+01
270 1.86913e+01
271 2.16700e+01
272 2.26381e+01
273 2.14466e+01
274 2.09253e+01
275 2.13721e+01
276 2.01807e+01
277 1.80956e+01
278 2.02551e+01
279 2.40530e+01
280 2.30849e+01
281 2.21913e+01
282 1.86913e+01
283 1.92126e+01
284 2.29360e+01
285 2.34572e+01
286 1.84679e+01
287 2.24891e+01
288 1.93615e+01
289 1.77977e+01
290 1.63828e+01
291 1.77232e+01
292 1.54892e+01
293 2.02551e+01
294 1.69041e+01
295 1.77977e+01
296 1.66807e+01
297 1.59360e+01
298 1.19892e+01
299 1.42233e+01
300 1.63828e+01
301 1.79466e+01
302 1.52658e+01
303 1.44467e+01
304 2.21168e+01
305 2.38296e+01
306 1.92871e+01
307 2.12977e+01
308 2.17445e+01
309 2.24147e+01
310 2.12232e+01
311 2.82976e+01
312 1.61594e+01
313 2.04041e+01
314 1.69041e+01
315 2.09998e+01
316 2.08509e+01
317 2.59146e+01
318 2.71806e+01
319 3.82762e+01
320 2.82976e+01
321 2.68827e+01
322 2.63615e+01
323 2.82976e+01
324 2.65104e+01
325 2.66593e+01
326 2.59146e+01
327 2.11487e+01
328 2.46487e+01
329 2.40530e+01
330 2.28615e+01
331 2.23402e+01
332 2.22657e+01
333 3.25422e+01
334 2.88189e+01
335 2.65104e+01
336 2.02551e+01
337 3.25422e+01
338 1.87658e+01
339 3.94677e+01
340 4.46804e+01
341 3.90209e+01
342 3.65635e+01
343 4.32655e+01
344 3.16486e+01
345 3.93188e+01
346 3.44784e+01
347 4.82549e+01
348 3.44039e+01
349 4.92974e+01
350 4.51272e+01
351 4.84783e+01
352 2.16700e+01
353 3.32125e+01
354 2.31594e+01
355 3.19465e+01
356 4.17017e+01
357 3.12018e+01
358 3.68614e+01
359 4.31911e+01
360 3.70848e+01
361 4.31166e+01
362 4.17017e+01
363 4.12549e+01
364 4.22975e+01
365 4.52762e+01
366 4.48294e+01
367 4.36379e+01
368 3.52231e+01
369 4.59464e+01
370 4.64676e+01
371 4.52017e+01
372 4.63187e+01
373 4.64676e+01
374 4.31166e+01
375 3.63401e+01
376 4.10315e+01
377 4.23719e+01
378 3.98400e+01
379 4.36379e+01
380 4.08826e+01
381 2.83721e+01
382 3.42550e+01
383 2.52444e+01
384 2.30849e+00
385 1.53403e+01
386 7.44674e-02
387 6.03186e+00
388 1.74998e+01
389 1.88402e+01
390 1.21382e+01
391 1.92871e+01
396 4.98931e+00
397 2.16700e+01
399 1.31063e+01
400 1.98083e+01
401 2.82231e+01
402 2.01807e+01
403 2.56168e+01
404 3.82762e+01
405 4.27443e+01
406 4.25953e+01
407 4.52017e+01
408 1.89892e+01
409 3.75316e+01
410 2.99359e+01
411 3.28401e+01
412 3.95422e+01
413 4.19251e+01
414 2.82231e+01
415 3.69358e+01
421 5.73399e+00
432 4.46804e+00
433 7.29780e+00
436 5.88292e+00
437 3.64890e+00
448 3.95422e+01
449 4.46060e+01
450 4.32655e+01
451 4.20741e+01
452 4.50528e+01
453 4.46804e+01
454 4.41592e+01
455 4.18507e+01
456 3.64890e+01
457 4.11805e+01
458 3.76805e+01
459 3.32125e+01
460 3.99890e+01
461 2.89678e+01
462 2.09998e+01
463 1.27339e+01
464 4.25209e+01
465 3.13508e+01
466 2.68083e+01
467 2.50955e+01
468 2.51700e+01
469 2.24891e+01
470 1.46701e+01
471 1.26595e+00
472 1.86168e+01
473 2.82976e+00
474 2.97870e+00
480 3.87230e+00
481 6.70206e-01
484 7.44674e-02
512 1.52658e+01
513 1.83934e+01
514 1.64573e+01
515 2.30849e+01
516 2.13721e+01
517 2.24891e+01
518 2.32338e+01
519 1.95105e+01
520 2.44998e+01
521 2.58402e+01
522 2.36062e+01
523 2.47232e+01
524 2.54678e+01
525 2.61381e+01
526 2.08509e+01
527 2.05530e+01
528 1.77232e+01
529 1.89892e+01
530 1.92126e+01
531 1.82445e+01
532 1.66807e+01
533 1.80211e+01
534 1.96594e+01
535 1.82445e+01
536 1.50424e+01
537 1.72020e+01
538 1.86168e+01
539 1.87658e+01
540 1.87658e+01
541 2.12977e+01
542 2.01062e+01
543 1.96594e+01
544 2.24891e+01
545 2.59891e+01
546 2.42019e+01
547 1.99573e+01
548 2.27870e+01
549 2.07019e+01
550 2.05530e+01
551 2.20423e+01
552 2.00317e+01
553 2.21913e+01
554 2.18189e+01
555 2.27870e+01
556 2.09998e+01
557 2.23402e+01
558 2.21168e+01
559 1.95849e+01
560 1.80211e+01
561 1.74998e+01
562 1.92871e+01
563 1.59360e+01
564 2.04785e+01
565 1.83190e+01
566 2.07019e+01
567 1.95105e+01
568 1.96594e+01
569 1.92126e+01
570 2.09998e+01
571 2.04041e+01
572 2.12232e+01
573 2.07019e+01
574 1.97339e+01
575 3.14997e+01
576 1.80211e+01
577 1.62339e+01
578 1.31807e+01
579 1.86913e+01
580 1.48190e+01
581 1.68296e+01
582 1.92871e+01
583 1.97339e+01
584 2.05530e+01
585 1.91381e+01
586 2.24147e+01
587 1.95105e+01
588 2.27870e+01
589 2.12977e+01
590 2.00317e+01
591 2.00317e+01
592 1.87658e+01
593 1.01276e+01
594 1.90636e+01
595 1.35531e+01
598 1.19148e+00
600 1.98083e+01
601 1.75743e+01
602 2.08509e+01
603 1.67552e+01
604 1.19148e+00
608 2.07764e+01
609 1.88402e+01
610 1.94360e+01
611 2.21913e+01
612 2.13721e+01
613 2.25636e+01
614 1.86913e+01
615 2.07019e+01
616 1.95105e+01
617 1.90636e+01
618 1.64573e+01
619 2.30849e+01
620 2.33083e+01
621 2.06275e+01
622 2.56912e+01
623 3.25422e+01
624 2.04041e+01
625 1.70530e+01
626 2.72551e+01
627 3.03827e+01
632 2.84465e+01
633 1.51913e+01
634 1.63084e+01
635 5.73399e+00
640 2.53934e+01
641 2.68827e+01
642 2.57657e+01
643 2.50955e+01
644 2.53934e+01
645 2.09998e+01
646 2.36062e+01
647 2.15955e+01
648 2.67338e+01
649 2.41274e+01
650 2.74785e+01
651 2.40530e+01
652 1.98828e+01
653 2.27126e+01
654 2.95636e+01
655 2.78508e+01
656 2.24147e+01
657 2.30104e+01
658 2.04785e+01
659 2.24147e+01
660 2.37551e+01
661 2.71061e+01
662 4.31911e+01
663 3.12018e+01
664 3.40316e+01
665 3.49997e+01
666 4.54251e+01
667 4.27443e+01
668 4.38613e+01
669 3.99145e+01
670 4.27443e+01
671 3.78294e+01
672 2.42019e+01
673 2.97125e+01
674 3.44784e+01
675 3.46273e+01
676 2.57657e+01
677 3.49997e+01
678 4.01379e+01
679 3.62656e+01
680 4.53506e+01
681 3.64145e+01
682 3.94677e+01
683 3.57443e+01
684 4.11805e+01
685 4.84038e+01
686 4.53506e+01
687 4.64676e+01
688 3.49252e+01
689 4.79570e+01
690 4.51272e+01
691 4.54996e+01
692 4.95953e+01
693 3.65635e+01
694 3.73826e+01
695 2.41274e+01
696 4.02124e+01
697 2.78508e+01
698 3.85741e+01
699 2.75529e+01
700 2.39785e+01
701 2.76274e+01
702 2.50955e+01
703 2.74785e+01
704 3.70103e+01
705 3.63401e+01
706 4.31166e+01
707 3.55209e+01
708 2.66593e+01
709 2.39040e+01
710 2.28615e+01
711 2.30104e+01
712 4.31911e+01
713 2.15955e+01
714 4.34145e+01
715 2.39785e+01
716 2.34572e+01
717 1.48190e+01
718 2.35317e+01
719 7.59567e+00
720 2.64359e+01
721 4.17017e+00
722 1.63084e+01
723 2.97870e-01
728 2.75529e+00
736 3.71592e+01
737 2.60636e+01
738 2.27870e+01
739 2.27126e+01
740 1.98828e+01
741 2.38296e+00
742 1.57126e+01
744 2.47232e+01
745 2.23402e+01
746 2.27870e+01
747 4.02124e+00
748 1.04254e+00
768 2.23402e-01
769 5.51059e+00
771 5.95739e-01
772 1.22127e+01
773 1.04999e+01
774 2.82976e+00
784 1.63828e+00
785 6.92547e+00
787 5.95739e-01
788 1.86168e+01
789 2.96380e+01
790 2.31594e+01
791 3.62656e+01
796 9.01055e+00
797 3.16486e+01
798 4.46804e-01
799 1.72764e+01
832 4.03613e+01
833 4.14039e+01
834 3.00104e+01
835 2.24891e+01
836 2.85955e+01
837 1.49679e+01
838 1.51913e+01
839 1.13935e+01
840 1.45956e+01
841 1.02765e+01
842 5.06378e+00
843 1.19148e+00
844 6.32973e+00
845 7.44674e-01
848 1.04254e+01
849 3.35103e+00
850 1.11701e+00
852 7.44674e-02
1075 2.90423e+00
1076 7.44674e-02
1077 3.20210e+00
1078 1.76488e+01
1079 1.37020e+01
1081 8.48928e+00
1083 7.44674e-02
1084 1.63084e+01
1085 2.97125e+01
1086 7.59567e+00
1087 4.11060e+01
1092 8.93609e-01
1093 1.02020e+01
1094 7.22334e+00
1095 2.04041e+01
1097 3.64890e+00
1098 2.53189e+00
1099 1.48190e+01
1100 1.80211e+01
1101 3.56699e+01
1102 2.97125e+01
1103 4.31911e+01
1104 1.98828e+01
1105 3.18720e+01
1106 3.65635e+01
1107 4.31166e+01
1108 4.46804e+01
1109 6.64249e+01
1110 6.22547e+01
1111 4.19251e+01
1112 4.54996e+01
1113 5.60739e+01
1114 6.82866e+01
1115 4.31911e+01
1116 4.03613e+01
1117 2.33083e+01
1118 2.79253e+01
1119 7.96801e+00
1120 1.36275e+01
1121 2.55423e+01
1122 3.03082e+01
1123 4.57974e+01
1124 4.41592e+01
1125 6.03930e+01
1126 6.13611e+01
1127 3.87230e+01
1128 4.27443e+01
1129 5.69675e+01
1130 5.77122e+01
1131 4.14783e+01
1132 3.69358e+01
1133 2.45742e+01
1134 2.42019e+01
1135 1.65318e+01
1136 4.19996e+01
1137 1.77977e+01
1138 1.57871e+01
1139 1.70530e+01
1140 1.70530e+01
1141 4.02124e+00
1142 1.37020e+01
1143 1.53403e+01
1144 1.38509e+01
1145 1.31063e+01
1146 1.80956e+01
1147 1.73509e+01
1148 1.74998e+01
1149 1.74998e+01
1150 2.07764e+01
1151 1.92871e+01
1165 1.48935e+00
1166 1.71275e+00
1167 1.47445e+01
1169 1.78722e+00
1170 1.56382e+00
1171 1.39999e+01
1172 1.66807e+01
1173 4.34145e+01
1174 2.41274e+01
1175 1.89147e+01
1176 1.57871e+01
1177 2.77763e+01
1178 2.35317e+01
1179 1.77977e+01
1180 2.00317e+01
1181 1.62339e+01
1182 1.49679e+01
1183 1.99573e+01
1185 1.04254e+00
1186 1.26595e+00
1187 1.16169e+01
1188 1.21382e+01
1189 2.65104e+01
1190 3.14997e+01
1191 1.67552e+01
1192 1.45956e+01
1193 3.64890e+01
1194 2.07764e+01
1195 1.92126e+01
1196 1.89147e+01
1197 1.27339e+01
1198 1.37765e+01
1199 1.35531e+01
1200 1.54147e+01
1201 1.25105e+01
1202 1.35531e+01
1203 1.56382e+01
1204 1.91381e+01
1205 1.95105e+01
1206 1.58616e+01
1207 1.60850e+01
1208 1.40743e+01
1209 1.54892e+01
1210 1.34041e+01
1211 1.79466e+01
1212 1.63828e+01
1213 1.67552e+01
1214 1.47445e+01
1215 2.01807e+01
1216 4.46804e+01
1217 2.47976e+01
1218 2.35317e+01
1219 2.74040e+01
1220 1.72020e+01
1221 1.56382e+01
1222 1.62339e+01
1223 1.85424e+01
1224 2.17445e+01
1225 2.14466e+01
1226 1.97339e+01
1227 2.25636e+01
1228 2.24147e+01
1229 2.50955e+01
1230 2.30104e+01
1231 2.24891e+01
1232 2.15955e+01
1233 2.23402e+01
1234 2.58402e+01
1235 2.57657e+01
1236 2.64359e+01
1237 3.84996e+01
1238 3.58188e+01
1239 3.99145e+01
1240 2.43508e+01
1241 3.38827e+01
1242 3.60422e+01
1243 3.69358e+01
1244 3.55209e+01
1245 4.23719e+01
1246 4.08081e+01
1247 3.69358e+01
1248 1.70530e+01
1249 2.51700e+01
1250 1.60850e+01
1251 2.49466e+01
1252 2.41274e+01
1253 3.37337e+01
1254 3.42550e+01
1255 3.46273e+01
1256 1.95849e+01
1257 3.14252e+01
1258 3.49997e+01
1259 3.35103e+01
1260 3.61167e+01
1261 3.65635e+01
1262 3.76805e+01
1263 2.55423e+01
1264 3.44039e+01
1265 4.15528e+01
1266 2.85210e+01
1267 2.25636e+01
1268 3.24678e+01
1269 3.17976e+01
1270 1.79466e+01
1271 1.57126e+01
1272 1.83934e+01
1273 1.92871e+01
1274 1.38509e+01
1275 1.44467e+01
1276 1.77977e+01
1277 7.29780e+00
1278 8.48928e+00
1279 2.97870e-01
1363 5.21272e-01
1364 5.95739e-01
1365 1.31807e+01
1366 1.22127e+01
1367 1.78722e+01
1369 5.51059e+00
1371 7.44674e-02
1372 1.27339e+01
1373 1.99573e+01
1374 5.73399e+00
1375 1.67552e+01
1396 2.75529e+00
1397 1.45211e+01
1398 1.48935e-01
1399 1.22871e+01
1405 6.25526e+00
1407 5.95739e-01
1598 1.34041e+00
1599 9.15949e+00
1613 1.78722e+00
1614 1.71275e+00
1615 1.34786e+01
1617 8.93609e-01
1618 1.04254e+00
1619 1.06488e+01
1620 1.29573e+01
1621 1.83190e+01
1622 1.46701e+01
1623 1.69041e+01
1624 1.25105e+01
1625 1.74254e+01
1626 1.78722e+01
1627 1.60105e+01
1628 1.12446e+01
1629 1.74254e+01
1630 1.63828e+01
1631 2.17445e+01
1633 2.97870e-01
1634 6.70206e-01
1635 1.31063e+01
1636 8.86162e+00
1637 1.88402e+01
1638 1.89147e+01
1639 1.85424e+01
1640 1.13190e+01
1641 2.30849e+01
1642 1.83934e+01
1643 2.15211e+01
1644 2.23402e+01
1645 1.66807e+01
1646 1.71275e+01
1647 1.99573e+01
1648 1.63828e+01
1649 1.62339e+01
1650 1.59360e+01
1651 2.09253e+01
1652 2.01062e+01
1653 2.30849e+01
1654 2.24147e+01
1655 2.26381e+01
1656 1.92871e+01
1657 2.61381e+01
1658 1.92126e+01
1659 2.20423e+01
1660 2.62125e+01
1661 2.69572e+01
1662 2.44253e+01
1663 1.91381e+01
1677 5.21272e-01
1678 5.95739e-01
1679 1.41488e+01
1681 4.46804e-01
1682 8.93609e-01
1683 8.71268e+00
1684 1.28829e+01
1685 2.11487e+01
1686 1.63084e+01
1687 1.35531e+01
1688 1.43722e+01
1689 1.89892e+01
1690 1.95105e+01
1691 1.63828e+01
1692 1.11701e+01
1693 1.89147e+01
1694 1.97339e+01
1695 2.53934e+01
1697 5.95739e-01
1698 2.23402e-01
1699 9.38289e+00
1700 1.16914e+01
1701 1.89147e+01
1702 1.85424e+01
1703 1.51913e+01
1704 8.63822e+00
1705 1.83190e+01
1706 1.79466e+01
1707 1.88402e+01
1708 1.86913e+01
1709 2.23402e+01
1710 2.07019e+01
1711 2.15955e+01
1712 1.37765e+01
1713 2.22657e+01
1714 2.32338e+01
1715 2.15955e+01
1716 2.39785e+01
1717 2.46487e+01
1718 2.41274e+01
1719 2.31594e+01
1720 2.33083e+01
1721 2.40530e+01
1722 2.45742e+01
1723 2.57657e+01
1724 2.40530e+01
1725 2.19679e+01
1726 2.09998e+01
1727 2.13721e+01
1728 1.92871e+01
1729 2.04785e+01
1730 1.93615e+01
1731 2.60636e+01
1732 2.31594e+01
1733 2.32338e+01
1734 2.40530e+01
1735 2.15955e+01
1736 2.39040e+01
1737 2.09253e+01
1738 2.11487e+01
1739 2.07019e+01
1740 2.10743e+01
1741 2.26381e+01
1742 2.52444e+01
1743 1.66062e+01
1744 2.06275e+01
1745 2.09998e+01
1746 2.48721e+01
1747 2.16700e+01
1748 2.03296e+01
1749 1.93615e+01
1750 1.93615e+01
1751 2.24891e+01
1752 2.06275e+01
1753 1.94360e+01
1754 2.15955e+01
1755 2.04785e+01
1756 2.26381e+01
1757 2.81487e+01
1758 2.20423e+01
1759 2.56912e+01
1760 2.15211e+01
1761 2.27126e+01
1762 2.45742e+01
1763 1.97339e+01
1764 1.60105e+01
1765 1.89147e+01
1766 1.90636e+01
1767 2.55423e+01
1768 1.83934e+01
1769 2.14466e+01
1770 1.92871e+01
1771 2.54678e+01
1772 2.39785e+01
1773 2.46487e+01
1774 2.47232e+01
1775 2.26381e+01
1776 2.23402e+01
1777 2.07764e+01
1778 2.44998e+01
1779 2.11487e+01
1780 2.00317e+01
1781 2.01062e+01
1782 2.18189e+01
1783 2.09998e+01
1784 2.39040e+01
1785 2.24147e+01
1786 2.36806e+01
1787 2.06275e+01
1788 2.09998e+01
1789 3.12018e+01
1790 3.10529e+01
1791 3.95422e+01
1955 1.56382e+00
1958 2.97870e-01
1959 3.72337e+00
1960 3.42550e+00
1961 1.22871e+01
1962 1.60850e+01
1963 1.45211e+01
1964 1.26595e+01
1965 1.57126e+01
1966 1.82445e+01
1967 2.07764e+01
1970 4.54251e+00
1971 3.12763e+00
1974 1.34041e+00
1975 7.44674e-02
1976 1.63828e+01
1977 1.12446e+01
1978 1.71275e+01
1979 1.68296e+01
1980 1.03510e+01
1981 1.17658e+01
1982 1.45956e+01
1983 1.16169e+01
2024 7.44674e+00
2025 8.11694e+00
2026 1.39999e+01
2027 1.42233e+01
2028 6.03186e+00
2029 6.77653e+00
2030 1.28829e+01
2031 1.54147e+01
2040 2.23402e+00
2042 1.20637e+01
2043 3.27656e+00
2297 7.22334e+00
2298 9.23396e+00
2299 1.96594e+01
2300 1.34786e+01
2302 3.99890e+01
2303 1.94360e+01
2559 4.46804e+00
2813 1.48935e-01
2814 5.95739e-01
2815 9.15949e+00
3069 8.19141e-01
3071 7.44674e-01
