# redshift oii_flux_limit (ergs/s/cm2)
0.000000000000000000e+00 5.996083367886638070e-17
1.000000047497451305e-03 5.910738181005866887e-17
2.000000094994902611e-03 5.998789902850911577e-17
3.000000026077032089e-03 5.564438686688296829e-17
4.000000189989805222e-03 5.393659970037333799e-17
4.999999888241291046e-03 5.651943807584566479e-17
6.000000052154064178e-03 5.662006956044641592e-17
7.000000216066837311e-03 5.350897710218547459e-17
8.000000379979610443e-03 6.861090618979470679e-17
8.999999612569808960e-03 5.392189573780459537e-17
9.999999776482582092e-03 5.457874662734315380e-17
1.099999994039535522e-02 5.537804132708579381e-17
1.200000010430812836e-02 5.254261838848672470e-17
1.300000026822090149e-02 5.202242766230927708e-17
1.400000043213367462e-02 5.177134856789738127e-17
1.499999966472387314e-02 6.947168357010718824e-17
1.600000075995922089e-02 4.826997575302167042e-17
1.700000092387199402e-02 4.893682891052722006e-17
1.799999922513961792e-02 4.495797105013894931e-17
1.899999938905239105e-02 5.591921597104248663e-17
1.999999955296516418e-02 4.809110621736320372e-17
2.099999971687793732e-02 4.936883225723916429e-17
2.199999988079071045e-02 4.924793153890841377e-17
2.300000004470348358e-02 4.996501441193063346e-17
2.400000020861625671e-02 4.941300370194949597e-17
2.500000037252902985e-02 4.897504796354962015e-17
2.600000053644180298e-02 4.926861767166713989e-17
2.700000070035457611e-02 4.916780420733162708e-17
2.800000086426734924e-02 4.873998639451920117e-17
2.899999916553497314e-02 4.819650887973716072e-17
2.999999932944774628e-02 4.908947351204530558e-17
3.099999949336051941e-02 4.977879951243269587e-17
3.200000151991844177e-02 4.750489986085912407e-17
3.299999982118606567e-02 4.695299502999639336e-17
3.400000184774398804e-02 4.833897585099839378e-17
3.500000014901161194e-02 4.726207272023805726e-17
3.599999845027923584e-02 4.771212514791590856e-17
3.700000047683715820e-02 4.745364113266043805e-17
3.799999877810478210e-02 4.936226444317549325e-17
3.900000080466270447e-02 4.844561928429118032e-17
3.999999910593032837e-02 4.980925630258689835e-17
4.100000113248825073e-02 5.713671333615723616e-17
4.199999943375587463e-02 4.927185029350099712e-17
4.300000146031379700e-02 4.837434278526871103e-17
4.399999976158142090e-02 4.843956432220729216e-17
4.500000178813934326e-02 4.767489209418367168e-17
4.600000008940696716e-02 6.698767342550024698e-17
4.699999839067459106e-02 5.621839727243556611e-17
4.800000041723251343e-02 4.913412141278846780e-17
4.899999871850013733e-02 5.071853624529703913e-17
5.000000074505805969e-02 5.439104942018752119e-17
5.099999904632568359e-02 4.888896493156245167e-17
5.200000107288360596e-02 4.867187965160403508e-17
5.299999937415122986e-02 5.080419576081058046e-17
5.400000140070915222e-02 4.752870942761085041e-17
5.499999970197677612e-02 5.795052009256650648e-17
5.600000172853469849e-02 4.701297555057383851e-17
5.700000002980232239e-02 4.902257445282446691e-17
5.799999833106994629e-02 4.757319520095395224e-17
5.900000035762786865e-02 5.845594729917110766e-17
5.999999865889549255e-02 4.878374094020080612e-17
6.100000068545341492e-02 4.798445947534796697e-17
6.199999898672103882e-02 5.310953489310606774e-17
6.300000101327896118e-02 5.027314249882908648e-17
6.400000303983688354e-02 4.724972125933141545e-17
6.499999761581420898e-02 4.761827985306054246e-17
6.599999964237213135e-02 4.794382836365936225e-17
6.700000166893005371e-02 5.062648096928723778e-17
6.800000369548797607e-02 4.887981300526516497e-17
6.899999827146530151e-02 4.718688862000188747e-17
7.000000029802322388e-02 4.762327271523791254e-17
7.100000232458114624e-02 4.727467564405091519e-17
7.199999690055847168e-02 4.685496750996395916e-17
7.299999892711639404e-02 4.916157057423542747e-17
7.400000095367431641e-02 5.356521545767172984e-17
7.500000298023223877e-02 4.810082393519947669e-17
7.599999755620956421e-02 4.817206403827499364e-17
7.699999958276748657e-02 4.834788624055681499e-17
7.800000160932540894e-02 4.807781507928070167e-17
7.900000363588333130e-02 4.830541217046344213e-17
7.999999821186065674e-02 4.939618877445751803e-17
8.100000023841857910e-02 4.673085733085650289e-17
8.200000226497650146e-02 4.644954974813946924e-17
8.299999684095382690e-02 4.626216356089415656e-17
8.399999886751174927e-02 4.589536520750854239e-17
8.500000089406967163e-02 4.574895423908665649e-17
8.600000292062759399e-02 4.778800738858907310e-17
8.699999749660491943e-02 4.756423848928122806e-17
8.799999952316284180e-02 4.680831783213841861e-17
8.900000154972076416e-02 4.912878444347627566e-17
9.000000357627868652e-02 4.632736524549803641e-17
9.099999815225601196e-02 4.776987558956191074e-17
9.200000017881393433e-02 4.851733253467707761e-17
9.300000220537185669e-02 4.838318369165567779e-17
9.399999678134918213e-02 4.861697471126521532e-17
9.499999880790710449e-02 4.713700632034248969e-17
9.600000083446502686e-02 4.683770590494120258e-17
9.700000286102294922e-02 4.833816521399809181e-17
9.799999743700027466e-02 4.619230650380282827e-17
9.899999946355819702e-02 4.555146652220084624e-17
1.000000014901161194e-01 4.546533385937692458e-17
1.010000035166740417e-01 4.653827644936435720e-17
1.019999980926513672e-01 4.892476861719619692e-17
1.030000001192092896e-01 6.337691093769807354e-17
1.040000021457672119e-01 6.594254064770684715e-17
1.049999967217445374e-01 5.399718240843672174e-17
1.059999987483024597e-01 4.753884073575339990e-17
1.070000007748603821e-01 4.794299456560190879e-17
1.080000028014183044e-01 4.938164032184393537e-17
1.089999973773956299e-01 5.657614957864230036e-17
1.099999994039535522e-01 6.131281075924755125e-17
1.110000014305114746e-01 4.921633985695378854e-17
1.120000034570693970e-01 4.956242891652352510e-17
1.129999980330467224e-01 5.597554366203489761e-17
1.140000000596046448e-01 5.268286520698386543e-17
1.150000020861625671e-01 5.774002578772891242e-17
1.159999966621398926e-01 4.558094393050978594e-17
1.169999986886978149e-01 5.510529340934745889e-17
1.180000007152557373e-01 4.771926867968591651e-17
1.190000027418136597e-01 5.097785074988751288e-17
1.199999973177909851e-01 4.860564233687323884e-17
1.209999993443489075e-01 5.284102214010400432e-17
1.220000013709068298e-01 4.770801571463274512e-17
1.230000033974647522e-01 6.224639988579940041e-17
1.239999979734420776e-01 4.682538091381416247e-17
1.250000000000000000e-01 4.687754954068665682e-17
1.260000020265579224e-01 4.982587270673186357e-17
1.270000040531158447e-01 4.656828656198778104e-17
1.280000060796737671e-01 5.767512188814555166e-17
1.289999932050704956e-01 4.704016001422478121e-17
1.299999952316284180e-01 4.852240480619325277e-17
1.309999972581863403e-01 4.654217081568825685e-17
1.319999992847442627e-01 5.244417066070311355e-17
1.330000013113021851e-01 4.835025859455361708e-17
1.340000033378601074e-01 4.681346289554849844e-17
1.350000053644180298e-01 4.646901165359161687e-17
1.360000073909759521e-01 4.659645040748398653e-17
1.369999945163726807e-01 5.042319306194620570e-17
1.379999965429306030e-01 5.189643812885010032e-17
1.389999985694885254e-01 5.380492247302224662e-17
1.400000005960464478e-01 5.839206248610241223e-17
1.410000026226043701e-01 4.943971501829005834e-17
1.420000046491622925e-01 5.170299367079844927e-17
1.430000066757202148e-01 4.882591060782875947e-17
1.439999938011169434e-01 4.826263369790464975e-17
1.449999958276748657e-01 4.894592789726530337e-17
1.459999978542327881e-01 5.242691567312525740e-17
1.469999998807907104e-01 5.410165201107971892e-17
1.480000019073486328e-01 4.978025865903323941e-17
1.490000039339065552e-01 5.168042487496555247e-17
1.500000059604644775e-01 4.875517343056567476e-17
1.509999930858612061e-01 4.933537445582261943e-17
1.519999951124191284e-01 4.996775403411940909e-17
1.529999971389770508e-01 5.022063638226667050e-17
1.539999991655349731e-01 5.705565625357193987e-17
1.550000011920928955e-01 4.712565740233826215e-17
1.560000032186508179e-01 5.394951364409651586e-17
1.570000052452087402e-01 5.846495364168058503e-17
1.580000072717666626e-01 7.240872399259717170e-17
1.589999943971633911e-01 6.398940178534663820e-17
1.599999964237213135e-01 5.514754579503666754e-17
1.609999984502792358e-01 5.976947040723591307e-17
1.620000004768371582e-01 6.232821797454824548e-17
1.630000025033950806e-01 5.847194828094033343e-17
1.640000045299530029e-01 5.419969607472440419e-17
1.650000065565109253e-01 5.023979719397584883e-17
1.659999936819076538e-01 5.411263366089197292e-17
1.669999957084655762e-01 4.906331144363147842e-17
1.679999977350234985e-01 4.721369588929350599e-17
1.689999997615814209e-01 4.576291043038165118e-17
1.700000017881393433e-01 4.519312857212042444e-17
1.710000038146972656e-01 4.962989707600580025e-17
1.720000058412551880e-01 5.135602449105695628e-17
1.729999929666519165e-01 5.069761519324434795e-17
1.739999949932098389e-01 4.569491949275224251e-17
1.749999970197677612e-01 5.982423638123182392e-17
1.759999990463256836e-01 6.957699358825253930e-17
1.770000010728836060e-01 5.863684839041400461e-17
1.780000030994415283e-01 4.704720097559883258e-17
1.790000051259994507e-01 4.779717916722106108e-17
1.800000071525573730e-01 4.623728196806856149e-17
1.809999942779541016e-01 6.863514589046496072e-17
1.819999963045120239e-01 5.174829008114185307e-17
1.829999983310699463e-01 4.546750107258181351e-17
1.840000003576278687e-01 4.787533780893997155e-17
1.850000023841857910e-01 4.819145646055568682e-17
1.860000044107437134e-01 4.753542944290723121e-17
1.870000064373016357e-01 4.991562180319386707e-17
1.879999935626983643e-01 5.021001869192393983e-17
1.889999955892562866e-01 4.376131532773808587e-17
1.899999976158142090e-01 5.456036998285467574e-17
1.909999996423721313e-01 4.570715845709557711e-17
1.920000016689300537e-01 5.922424588700016062e-17
1.930000036954879761e-01 4.480615032051096661e-17
1.940000057220458984e-01 4.342636673665821348e-17
1.949999928474426270e-01 5.174383984944631778e-17
1.959999948740005493e-01 5.134268703086015127e-17
1.969999969005584717e-01 5.519266353436775988e-17
1.979999989271163940e-01 5.152766777688415974e-17
1.990000009536743164e-01 6.006413199376200280e-17
2.000000029802322388e-01 4.406875850908934498e-17
2.010000050067901611e-01 5.589694165150765870e-17
2.020000070333480835e-01 5.646296480106544448e-17
2.029999941587448120e-01 4.569419819125809627e-17
2.039999961853027344e-01 4.326493747703481481e-17
2.049999982118606567e-01 4.473312350731233511e-17
2.060000002384185791e-01 6.154058321272015296e-17
2.070000022649765015e-01 6.174280571143221674e-17
2.080000042915344238e-01 4.630172595523134277e-17
2.090000063180923462e-01 4.632617741413841026e-17
2.099999934434890747e-01 4.299280167294976913e-17
2.109999954700469971e-01 5.179740806591525185e-17
2.119999974966049194e-01 4.221459677010478112e-17
2.129999995231628418e-01 4.329858718435347198e-17
2.140000015497207642e-01 5.340083150890029176e-17
2.150000035762786865e-01 4.280015792573106941e-17
2.160000056028366089e-01 5.566601929426245507e-17
2.169999927282333374e-01 4.338519630321022418e-17
2.179999947547912598e-01 6.310460969749051726e-17
2.189999967813491821e-01 4.410764261532423771e-17
2.199999988079071045e-01 4.198561001549295157e-17
2.210000008344650269e-01 5.274310049918997691e-17
2.220000028610229492e-01 4.596062975783897627e-17
2.230000048875808716e-01 6.185791616547509607e-17
2.240000069141387939e-01 4.355892739290351148e-17
2.249999940395355225e-01 4.135602299894414093e-17
2.259999960660934448e-01 4.084925245102475364e-17
2.269999980926513672e-01 5.018242394668917083e-17
2.280000001192092896e-01 4.394385423659383780e-17
2.290000021457672119e-01 4.270889343438686876e-17
2.300000041723251343e-01 4.035937293121369916e-17
2.310000061988830566e-01 4.109079249861268793e-17
2.319999933242797852e-01 4.331348967026922732e-17
2.329999953508377075e-01 4.308323898368141675e-17
2.339999973773956299e-01 4.116937134808277535e-17
2.349999994039535522e-01 4.472295580322283330e-17
2.360000014305114746e-01 4.071421687038669697e-17
2.370000034570693970e-01 3.995771718681510041e-17
2.380000054836273193e-01 4.047899648267866781e-17
2.389999926090240479e-01 4.253644282028181355e-17
2.399999946355819702e-01 4.525437633339630082e-17
2.409999966621398926e-01 4.357957712971528526e-17
2.419999986886978149e-01 4.166401211949968505e-17
2.430000007152557373e-01 4.096712568831356008e-17
2.440000027418136597e-01 4.080906470814447734e-17
2.450000047683715820e-01 4.033600673327030124e-17
2.460000067949295044e-01 4.159809905956900959e-17
2.469999939203262329e-01 4.053311394707433709e-17
2.479999959468841553e-01 4.181122379875452228e-17
2.489999979734420776e-01 4.193820264022631245e-17
2.500000000000000000e-01 4.051718575719901599e-17
2.509999871253967285e-01 4.052423002729551758e-17
2.520000040531158447e-01 4.033275425910174273e-17
2.529999911785125732e-01 4.209397729318229862e-17
2.540000081062316895e-01 4.166906784740360915e-17
2.549999952316284180e-01 3.930986602234111892e-17
2.560000121593475342e-01 4.229423441075893641e-17
2.569999992847442627e-01 4.100199962293879573e-17
2.579999864101409912e-01 4.285162510344411879e-17
2.590000033378601074e-01 3.960642681555363040e-17
2.599999904632568359e-01 4.034428846556318215e-17
2.610000073909759521e-01 4.356878076836024315e-17
2.619999945163726807e-01 5.882114423089081917e-17
2.630000114440917969e-01 6.189771347910624734e-17
2.639999985694885254e-01 5.248271727724808464e-17
2.649999856948852539e-01 4.904969274202640537e-17
2.660000026226043701e-01 4.492622716695161432e-17
2.669999897480010986e-01 4.117318961379032012e-17
2.680000066757202148e-01 4.013607387049378424e-17
2.689999938011169434e-01 3.857911150815462279e-17
2.700000107288360596e-01 3.990365266197863452e-17
2.709999978542327881e-01 5.106045300585705822e-17
2.720000147819519043e-01 4.786125257746941860e-17
2.730000019073486328e-01 5.050748276636535922e-17
2.739999890327453613e-01 4.620218304031671142e-17
2.750000059604644775e-01 4.302246436971592070e-17
2.759999930858612061e-01 3.943939258009957242e-17
2.770000100135803223e-01 5.193333038416996536e-17
2.779999971389770508e-01 3.978433351297908538e-17
2.790000140666961670e-01 3.981380761256557487e-17
2.800000011920928955e-01 5.568560031372281035e-17
2.809999883174896240e-01 3.917301726180034602e-17
2.820000052452087402e-01 4.851397749011256253e-17
2.829999923706054688e-01 4.055360817393095091e-17
2.840000092983245850e-01 4.633107432336472419e-17
2.849999964237213135e-01 4.742905070741046164e-17
2.860000133514404297e-01 3.758275922544470011e-17
2.870000004768371582e-01 4.091776616680129581e-17
2.879999876022338867e-01 5.250087554605484871e-17
2.890000045299530029e-01 3.914706364290088223e-17
2.899999916553497314e-01 5.580566723399610742e-17
2.910000085830688477e-01 4.018936084555445028e-17
2.919999957084655762e-01 3.790786767595764168e-17
2.930000126361846924e-01 3.838528323829874713e-17
2.939999997615814209e-01 4.818743305405622890e-17
2.949999868869781494e-01 3.989805761231532584e-17
2.960000038146972656e-01 5.598263756296815237e-17
2.969999909400939941e-01 3.808152597375702431e-17
2.980000078678131104e-01 3.971553193834937475e-17
2.989999949932098389e-01 3.704836415378849189e-17
3.000000119209289551e-01 3.633692596126633406e-17
3.009999990463256836e-01 4.405875293239990356e-17
3.019999861717224121e-01 3.470210935967368165e-17
3.030000030994415283e-01 3.660125648909132938e-17
3.039999902248382568e-01 3.263065389121633784e-17
3.050000071525573730e-01 3.313819537146662456e-17
3.059999942779541016e-01 3.332353676823770615e-17
3.070000112056732178e-01 3.443547265230088850e-17
3.079999983310699463e-01 3.313018164569221083e-17
3.089999854564666748e-01 3.607010727415877924e-17
3.100000023841857910e-01 3.815813282464678531e-17
3.109999895095825195e-01 3.397764472686503874e-17
3.120000064373016357e-01 3.575193721462393247e-17
3.129999935626983643e-01 4.580697930469602628e-17
3.140000104904174805e-01 5.598619113087968018e-17
3.149999976158142090e-01 5.835697679324036301e-17
3.160000145435333252e-01 5.511689048153545233e-17
3.170000016689300537e-01 4.535464716724997884e-17
3.179999887943267822e-01 6.061036236562261973e-17
3.190000057220458984e-01 6.124364522514831729e-17
3.199999928474426270e-01 5.587048510679576267e-17
3.210000097751617432e-01 5.795449717695166144e-17
3.219999969005584717e-01 5.305860372842995272e-17
3.230000138282775879e-01 4.686339813476709962e-17
3.240000009536743164e-01 4.292960507415071781e-17
3.249999880790710449e-01 4.422571437596005688e-17
3.260000050067901611e-01 4.149046962698605984e-17
3.269999921321868896e-01 4.161574447639599078e-17
3.280000090599060059e-01 3.814047086420755306e-17
3.289999961853027344e-01 3.784461813759938697e-17
3.300000131130218506e-01 3.928815418562282705e-17
3.310000002384185791e-01 3.845017721171475726e-17
3.319999873638153076e-01 3.932855368673991692e-17
3.330000042915344238e-01 3.801022962239985375e-17
3.339999914169311523e-01 3.924226882268328550e-17
3.350000083446502686e-01 5.580992225106708019e-17
3.359999954700469971e-01 6.355002329629317118e-17
3.370000123977661133e-01 4.616224345162020103e-17
3.379999995231628418e-01 4.240441817707344991e-17
3.389999866485595703e-01 4.011197644488888943e-17
3.400000035762786865e-01 4.021563871925403486e-17
3.409999907016754150e-01 3.738867618396015812e-17
3.420000076293945312e-01 3.897455678051417341e-17
3.429999947547912598e-01 3.763921926533511956e-17
3.440000116825103760e-01 4.016592516443959790e-17
3.449999988079071045e-01 5.933706008766259274e-17
3.459999859333038330e-01 5.345484640290000446e-17
3.470000028610229492e-01 3.964334554065309713e-17
3.479999899864196777e-01 4.288117199492451294e-17
3.490000069141387939e-01 3.954261810310128985e-17
3.499999940395355225e-01 3.936024793909049873e-17
3.510000109672546387e-01 5.275477367199432523e-17
3.519999980926513672e-01 3.648408800968441811e-17
3.529999852180480957e-01 3.629904108921140540e-17
3.540000021457672119e-01 5.490393448719490047e-17
3.549999892711639404e-01 3.756881626903950627e-17
3.560000061988830566e-01 3.856659461112547037e-17
3.569999933242797852e-01 4.347231827404675927e-17
3.580000102519989014e-01 3.719614162458231539e-17
3.589999973773956299e-01 5.248105960730052838e-17
3.600000143051147461e-01 4.035656382585346908e-17
3.610000014305114746e-01 3.928958686244376889e-17
3.619999885559082031e-01 3.915991472089750606e-17
3.630000054836273193e-01 4.594751398204633547e-17
3.639999926090240479e-01 4.355336543046470492e-17
3.650000095367431641e-01 6.026615596912705385e-17
3.659999966621398926e-01 3.835631537324714010e-17
3.670000135898590088e-01 4.205107308917039818e-17
3.680000007152557373e-01 4.007190119857192035e-17
3.689999878406524658e-01 4.421690986552004245e-17
3.700000047683715820e-01 4.520954645291837693e-17
3.709999918937683105e-01 4.259816703759052047e-17
3.720000088214874268e-01 4.261153096756692719e-17
3.729999959468841553e-01 3.620099371684426992e-17
3.740000128746032715e-01 3.627560209937410280e-17
3.750000000000000000e-01 3.734048464147281872e-17
3.759999871253967285e-01 3.951617148455674445e-17
3.770000040531158447e-01 4.376541483485389867e-17
3.779999911785125732e-01 3.743666258565558436e-17
3.790000081062316895e-01 4.842624671434518841e-17
3.799999952316284180e-01 3.765606728005159963e-17
3.810000121593475342e-01 3.810429660165938405e-17
3.819999992847442627e-01 4.104383841832172787e-17
3.829999864101409912e-01 3.876854579459661676e-17
3.840000033378601074e-01 3.938748865102309504e-17
3.849999904632568359e-01 3.912184786910781573e-17
3.860000073909759521e-01 4.047422199618301174e-17
3.869999945163726807e-01 4.555257825294411751e-17
3.880000114440917969e-01 3.609820163648353028e-17
3.889999985694885254e-01 3.919269092548930723e-17
3.899999856948852539e-01 4.121980951311380876e-17
3.910000026226043701e-01 3.865917597400485544e-17
3.919999897480010986e-01 3.977676646473545029e-17
3.930000066757202148e-01 3.630395454204997038e-17
3.939999938011169434e-01 4.162802645413117813e-17
3.950000107288360596e-01 4.389905413461796582e-17
3.959999978542327881e-01 4.498885135676677894e-17
3.970000147819519043e-01 3.760879887112786942e-17
3.980000019073486328e-01 3.705489888062766081e-17
3.989999890327453613e-01 3.689362182223697190e-17
4.000000059604644775e-01 3.532451644850553201e-17
4.009999930858612061e-01 3.567091321926313830e-17
4.020000100135803223e-01 3.546681136619935404e-17
4.029999971389770508e-01 3.569369708205529890e-17
4.040000140666961670e-01 3.925249939249934135e-17
4.050000011920928955e-01 4.087270798447430729e-17
4.059999883174896240e-01 4.343439369732242806e-17
4.070000052452087402e-01 3.821206169186279250e-17
4.079999923706054688e-01 3.830614852345702408e-17
4.090000092983245850e-01 3.926040723915534829e-17
4.099999964237213135e-01 3.866479418472531561e-17
4.110000133514404297e-01 3.762896553446191223e-17
4.120000004768371582e-01 3.775046513155615115e-17
4.129999876022338867e-01 3.585555978431967535e-17
4.140000045299530029e-01 3.582797496525225698e-17
4.149999916553497314e-01 4.252993125449979611e-17
4.160000085830688477e-01 4.435703757000897555e-17
4.169999957084655762e-01 3.817661203953121995e-17
4.180000126361846924e-01 5.396402900948559639e-17
4.189999997615814209e-01 5.890138736775336328e-17
4.199999868869781494e-01 5.101436581084805373e-17
4.210000038146972656e-01 4.693460515061811445e-17
4.219999909400939941e-01 4.936551029989915134e-17
4.230000078678131104e-01 5.677117891474760302e-17
4.239999949932098389e-01 4.090355851260008501e-17
4.250000119209289551e-01 5.122265650653380653e-17
4.259999990463256836e-01 4.080536886516759041e-17
4.269999861717224121e-01 5.285644078672199276e-17
4.280000030994415283e-01 4.810317312813912729e-17
4.289999902248382568e-01 5.346777689023543339e-17
4.300000071525573730e-01 5.564984625892581828e-17
4.309999942779541016e-01 3.949616363990031181e-17
4.320000112056732178e-01 4.619757068122111573e-17
4.329999983310699463e-01 4.646831020443217190e-17
4.339999854564666748e-01 3.913284275380987057e-17
4.350000023841857910e-01 4.938969375228775165e-17
4.359999895095825195e-01 5.346872649357864427e-17
4.370000064373016357e-01 3.748567469131057635e-17
4.379999935626983643e-01 5.450736755792472794e-17
4.390000104904174805e-01 4.434735293939720470e-17
4.399999976158142090e-01 4.620954494776843336e-17
4.410000145435333252e-01 5.122419837119560537e-17
4.420000016689300537e-01 4.051450569201434418e-17
4.429999887943267822e-01 3.919012666559039285e-17
4.440000057220458984e-01 5.667148710732271212e-17
4.449999928474426270e-01 4.104235941938648305e-17
4.460000097751617432e-01 4.739009380928166425e-17
4.469999969005584717e-01 4.885509353983963029e-17
4.480000138282775879e-01 5.357877791099514928e-17
4.490000009536743164e-01 4.360892549784866669e-17
4.499999880790710449e-01 4.874605128277043997e-17
4.510000050067901611e-01 4.504164202345991316e-17
4.519999921321868896e-01 4.361433856777721370e-17
4.530000090599060059e-01 5.082825017302362251e-17
4.539999961853027344e-01 4.256119206420940014e-17
4.550000131130218506e-01 4.219520434782408794e-17
4.560000002384185791e-01 4.380908335375179811e-17
4.569999873638153076e-01 4.665151085777796626e-17
4.580000042915344238e-01 5.214820874625409046e-17
4.589999914169311523e-01 4.187031096427041015e-17
4.600000083446502686e-01 3.804435578575134146e-17
4.609999954700469971e-01 4.501126133392206556e-17
4.620000123977661133e-01 3.967724340215552021e-17
4.629999995231628418e-01 3.894237614596341042e-17
4.639999866485595703e-01 5.102976129640889068e-17
4.650000035762786865e-01 3.915649681060643695e-17
4.659999907016754150e-01 6.020351523569963817e-17
4.670000076293945312e-01 4.350241110473143842e-17
4.679999947547912598e-01 4.352730262372438413e-17
4.690000116825103760e-01 4.015095650407483831e-17
4.699999988079071045e-01 3.953939871615723346e-17
4.709999859333038330e-01 4.590966550593835913e-17
4.720000028610229492e-01 5.727135848754616779e-17
4.729999899864196777e-01 5.001884732619558450e-17
4.740000069141387939e-01 4.594935363172865340e-17
4.749999940395355225e-01 5.510970062765114142e-17
4.760000109672546387e-01 4.571939411271646150e-17
4.769999980926513672e-01 4.402784615599247223e-17
4.779999852180480957e-01 5.544618115722546202e-17
4.790000021457672119e-01 4.083130263173235294e-17
4.799999892711639404e-01 4.735379712400283739e-17
4.810000061988830566e-01 5.355394594900630739e-17
4.819999933242797852e-01 4.390578076735924705e-17
4.830000102519989014e-01 4.606393799890194901e-17
4.839999973773956299e-01 5.243837377897034194e-17
4.850000143051147461e-01 4.874472117634545470e-17
4.860000014305114746e-01 4.247793468119471279e-17
4.869999885559082031e-01 4.004468695641892574e-17
4.880000054836273193e-01 3.816576604733942465e-17
4.889999926090240479e-01 3.871225449955115812e-17
4.900000095367431641e-01 4.191053841182008899e-17
4.909999966621398926e-01 4.498296513952785159e-17
4.920000135898590088e-01 6.416642505387788655e-17
4.930000007152557373e-01 5.928977182640416126e-17
4.939999878406524658e-01 4.746775614263304291e-17
4.950000047683715820e-01 5.722352097836100110e-17
4.959999918937683105e-01 5.961020174337250291e-17
4.970000088214874268e-01 4.993065332928518069e-17
4.979999959468841553e-01 6.691570209476323315e-17
4.990000128746032715e-01 6.606792137623518487e-17
5.000000000000000000e-01 6.623162372818187926e-17
5.009999871253967285e-01 6.794387436127684570e-17
5.019999742507934570e-01 6.878942500087345101e-17
5.030000209808349609e-01 7.542364512412024781e-17
5.040000081062316895e-01 7.320386955438724572e-17
5.049999952316284180e-01 7.068782435901735080e-17
5.059999823570251465e-01 6.741316189770772357e-17
5.070000290870666504e-01 6.591149821367895713e-17
5.080000162124633789e-01 6.839439662754262712e-17
5.090000033378601074e-01 6.723847458722632497e-17
5.099999904632568359e-01 7.003437814488006063e-17
5.109999775886535645e-01 6.544392279190478249e-17
5.120000243186950684e-01 7.145233776836336110e-17
5.130000114440917969e-01 6.716039535484621958e-17
5.139999985694885254e-01 6.723670111199301128e-17
5.149999856948852539e-01 7.091291674730528069e-17
5.159999728202819824e-01 7.497623305695766578e-17
5.170000195503234863e-01 8.724263994429432251e-17
5.180000066757202148e-01 8.396096960883514602e-17
5.189999938011169434e-01 7.396549114031177063e-17
5.199999809265136719e-01 7.111239962382856885e-17
5.210000276565551758e-01 6.638855643399543967e-17
5.220000147819519043e-01 7.243670916708106573e-17
5.230000019073486328e-01 7.509202510782528881e-17
5.239999890327453613e-01 7.285581180495963294e-17
5.249999761581420898e-01 6.910772410058385606e-17
5.260000228881835938e-01 6.875764803046161390e-17
5.270000100135803223e-01 6.861758980914413526e-17
5.279999971389770508e-01 6.878740006273392120e-17
5.289999842643737793e-01 6.756810937005115671e-17
5.299999713897705078e-01 7.211831080569715432e-17
5.310000181198120117e-01 6.582233476109064117e-17
5.320000052452087402e-01 6.570212225702953476e-17
5.329999923706054688e-01 6.591529662705180063e-17
5.339999794960021973e-01 6.739117212830361388e-17
5.350000262260437012e-01 7.100772488039365851e-17
5.360000133514404297e-01 7.133195982817974409e-17
5.370000004768371582e-01 7.103283808379076843e-17
5.379999876022338867e-01 7.120438872538936595e-17
5.389999747276306152e-01 6.700217886472197687e-17
5.400000214576721191e-01 7.343888149258091151e-17
5.410000085830688477e-01 8.425555178602243066e-17
5.419999957084655762e-01 7.040459771727919413e-17
5.429999828338623047e-01 7.642584391939969530e-17
5.440000295639038086e-01 6.619873502702677088e-17
5.450000166893005371e-01 6.968561232884810247e-17
5.460000038146972656e-01 6.718088296425793297e-17
5.469999909400939941e-01 6.745294597644907399e-17
5.479999780654907227e-01 8.664979629055511736e-17
5.490000247955322266e-01 6.946893733047351219e-17
5.500000119209289551e-01 7.539549451351384318e-17
5.509999990463256836e-01 6.330772555126413831e-17
5.519999861717224121e-01 6.657622055392657017e-17
5.529999732971191406e-01 6.769587237874364716e-17
5.540000200271606445e-01 7.305546011760543170e-17
5.550000071525573730e-01 6.685527820537745958e-17
5.559999942779541016e-01 7.158163602427274996e-17
5.569999814033508301e-01 7.550261109411701005e-17
5.580000281333923340e-01 6.420877670124060157e-17
5.590000152587890625e-01 6.532895792164971249e-17
5.600000023841857910e-01 7.028091105464536500e-17
5.609999895095825195e-01 6.588276526792131516e-17
5.619999766349792480e-01 8.404483910550312260e-17
5.630000233650207520e-01 7.070364005232936469e-17
5.640000104904174805e-01 6.679006990332867931e-17
5.649999976158142090e-01 6.613048270032379546e-17
5.659999847412109375e-01 7.492488830197527425e-17
5.669999718666076660e-01 6.400020807286903096e-17
5.680000185966491699e-01 8.017879544577728398e-17
5.690000057220458984e-01 7.919801731964050970e-17
5.699999928474426270e-01 7.970853334137353711e-17
5.709999799728393555e-01 6.861246128934630649e-17
5.720000267028808594e-01 8.140033606972619270e-17
5.730000138282775879e-01 6.644719361325809870e-17
5.740000009536743164e-01 8.262533761735802330e-17
5.749999880790710449e-01 7.077981346057814790e-17
5.759999752044677734e-01 7.999598853040306486e-17
5.770000219345092773e-01 6.558243914856046229e-17
5.780000090599060059e-01 6.168911176351017460e-17
5.789999961853027344e-01 6.536658471335352462e-17
5.799999833106994629e-01 7.628578569808221665e-17
5.809999704360961914e-01 8.448184854928223776e-17
5.820000171661376953e-01 8.231176337330652114e-17
5.830000042915344238e-01 6.463075792765085332e-17
5.839999914169311523e-01 7.932640898559854045e-17
5.849999785423278809e-01 6.312287384541568811e-17
5.860000252723693848e-01 6.443770059012587708e-17
5.870000123977661133e-01 7.486134759604140087e-17
5.879999995231628418e-01 7.117326026457777041e-17
5.889999866485595703e-01 6.479377206532790359e-17
5.899999737739562988e-01 6.351047744556823603e-17
5.910000205039978027e-01 8.407661607591495972e-17
5.920000076293945312e-01 6.393455640201192226e-17
5.929999947547912598e-01 6.609940056162650289e-17
5.939999818801879883e-01 7.436708401898381535e-17
5.950000286102294922e-01 6.259348487082665082e-17
5.960000157356262207e-01 7.471848357808614236e-17
5.970000028610229492e-01 6.960378762265435697e-17
5.979999899864196777e-01 6.211054374199369114e-17
5.989999771118164062e-01 6.287249620016323727e-17
6.000000238418579102e-01 6.352882100283221197e-17
6.010000109672546387e-01 6.790292561223302062e-17
6.019999980926513672e-01 6.506510054113509751e-17
6.029999852180480957e-01 8.755300472756911891e-17
6.039999723434448242e-01 6.442449878754953076e-17
6.050000190734863281e-01 5.848078256988239977e-17
6.060000061988830566e-01 6.301935715483835201e-17
6.069999933242797852e-01 5.931141087122854846e-17
6.079999804496765137e-01 6.725163668513326875e-17
6.090000271797180176e-01 6.376094773504929281e-17
6.100000143051147461e-01 6.734651099267065081e-17
6.110000014305114746e-01 5.888006596028419644e-17
6.119999885559082031e-01 5.702772401864724923e-17
6.129999756813049316e-01 6.153536866613861867e-17
6.140000224113464355e-01 5.664882897598365959e-17
6.150000095367431641e-01 6.194661639692038233e-17
6.159999966621398926e-01 6.163285686441166830e-17
6.169999837875366211e-01 6.319904063621957090e-17
6.179999709129333496e-01 6.524396345934866379e-17
6.190000176429748535e-01 6.429124991703458864e-17
6.200000047683715820e-01 5.762898506229979399e-17
6.209999918937683105e-01 5.942750732456159100e-17
6.219999790191650391e-01 5.793201109918001994e-17
6.230000257492065430e-01 6.113724332859439624e-17
6.240000128746032715e-01 5.982962298138076924e-17
6.250000000000000000e-01 5.840555545625437722e-17
6.259999871253967285e-01 6.041621314968907350e-17
6.269999742507934570e-01 6.314308352214158368e-17
6.280000209808349609e-01 6.149042959781983778e-17
6.290000081062316895e-01 5.890170500510858364e-17
6.299999952316284180e-01 5.939888025792235582e-17
6.309999823570251465e-01 5.846394117261082012e-17
6.320000290870666504e-01 5.777674598948136643e-17
6.330000162124633789e-01 5.753369385573368520e-17
6.340000033378601074e-01 5.711289715196060939e-17
6.349999904632568359e-01 6.066520774895733568e-17
6.359999775886535645e-01 5.710177984452789669e-17
6.370000243186950684e-01 5.791974897377953385e-17
6.380000114440917969e-01 5.759685736730823439e-17
6.389999985694885254e-01 5.880730715360403212e-17
6.399999856948852539e-01 5.571514720520320449e-17
6.409999728202819824e-01 5.938042420409507267e-17
6.420000195503234863e-01 5.644070371642041740e-17
6.430000066757202148e-01 5.958654437785348632e-17
6.439999938011169434e-01 5.913055610209995449e-17
6.449999809265136719e-01 5.579098974120696650e-17
6.460000276565551758e-01 5.799703411277158834e-17
6.470000147819519043e-01 5.668259779731052439e-17
6.480000019073486328e-01 5.728233021119107115e-17
6.489999890327453613e-01 5.932565823009916181e-17
6.499999761581420898e-01 5.651491836097867504e-17
6.510000228881835938e-01 5.902666883460819464e-17
6.520000100135803223e-01 5.753844518117218979e-17
6.529999971389770508e-01 6.030174458780153532e-17
6.539999842643737793e-01 6.893024422835447845e-17
6.549999713897705078e-01 6.939501385349087321e-17
6.560000181198120117e-01 6.538478930427459165e-17
6.570000052452087402e-01 6.756474109059684078e-17
6.579999923706054688e-01 6.622733562388640437e-17
6.589999794960021973e-01 5.731296236363513487e-17
6.600000262260437012e-01 6.204288036788685348e-17
6.610000133514404297e-01 5.664543422674974196e-17
6.620000004768371582e-01 5.475952198713294268e-17
6.629999876022338867e-01 5.430768946677687727e-17
6.639999747276306152e-01 5.379585326478621523e-17
6.650000214576721191e-01 5.836937126753885758e-17
6.660000085830688477e-01 6.314722604264924924e-17
6.669999957084655762e-01 6.874707997095563642e-17
6.679999828338623047e-01 6.689475126420849006e-17
6.690000295639038086e-01 5.780299077595644889e-17
6.700000166893005371e-01 6.273932673898710024e-17
6.710000038146972656e-01 6.227396154380966729e-17
6.719999909400939941e-01 5.745879761435068386e-17
6.729999780654907227e-01 5.999601863340193629e-17
6.740000247955322266e-01 7.617664417933951997e-17
6.750000119209289551e-01 5.699869328786908817e-17
6.759999990463256836e-01 5.935221403648456421e-17
6.769999861717224121e-01 5.971213686461863761e-17
6.779999732971191406e-01 6.306799537485647004e-17
6.790000200271606445e-01 5.572269770983458853e-17
6.800000071525573730e-01 5.770716355635340574e-17
6.809999942779541016e-01 6.428917865678075586e-17
6.819999814033508301e-01 5.665876837822409677e-17
6.830000281333923340e-01 6.330256394424180742e-17
6.840000152587890625e-01 7.238993044907996691e-17
6.850000023841857910e-01 5.529545230600604931e-17
6.859999895095825195e-01 5.627271326017824812e-17
6.869999766349792480e-01 5.802327889924667080e-17
6.880000233650207520e-01 6.503540144842199361e-17
6.890000104904174805e-01 5.732963170733930349e-17
6.899999976158142090e-01 6.483118048135000171e-17
6.909999847412109375e-01 7.232775293679558092e-17
6.919999718666076660e-01 5.683544753962052306e-17
6.930000185966491699e-01 5.572195655600574102e-17
6.940000057220458984e-01 5.302697895925082537e-17
6.949999928474426270e-01 5.387117633136529393e-17
6.959999799728393555e-01 6.001896131487170706e-17
6.970000267028808594e-01 6.020921285575890343e-17
6.980000138282775879e-01 6.096673162584516532e-17
6.990000009536743164e-01 6.227187704866603366e-17
6.999999880790710449e-01 5.452341817053070689e-17
7.009999752044677734e-01 5.373344414193031440e-17
7.020000219345092773e-01 5.594381963118226389e-17
7.030000090599060059e-01 5.494362592170764495e-17
7.039999961853027344e-01 5.602708694036430187e-17
7.049999833106994629e-01 6.418921553411494757e-17
7.059999704360961914e-01 5.436569137132909557e-17
7.070000171661376953e-01 6.481058037537498111e-17
7.080000042915344238e-01 5.449505580168748867e-17
7.089999914169311523e-01 4.843324466232738702e-17
7.099999785423278809e-01 4.829812305490562485e-17
7.110000252723693848e-01 4.852191842399307159e-17
7.120000123977661133e-01 4.851859977537550884e-17
7.129999995231628418e-01 4.978398758923462846e-17
7.139999866485595703e-01 4.771074541065417011e-17
7.149999737739562988e-01 5.227158438897759965e-17
7.160000205039978027e-01 5.072514045530766250e-17
7.170000076293945312e-01 5.552002522486929590e-17
7.179999947547912598e-01 5.234907466876156728e-17
7.189999818801879883e-01 4.904714502573974204e-17
7.200000286102294922e-01 5.375799486251088826e-17
7.210000157356262207e-01 6.272059275247399927e-17
7.220000028610229492e-01 6.539446400871901186e-17
7.229999899864196777e-01 6.572352969128240712e-17
7.239999771118164062e-01 7.542810528198313374e-17
7.250000238418579102e-01 6.491892780072962689e-17
7.260000109672546387e-01 6.100253200275646036e-17
7.269999980926513672e-01 6.244800034469082431e-17
7.279999852180480957e-01 7.201198831848203835e-17
7.289999723434448242e-01 6.534916098093070764e-17
7.300000190734863281e-01 6.476893017717171106e-17
7.310000061988830566e-01 7.134199187464878721e-17
7.319999933242797852e-01 6.498296481503103208e-17
7.329999804496765137e-01 6.467224268973161276e-17
7.340000271797180176e-01 7.325392390761405453e-17
7.350000143051147461e-01 6.505250092604468980e-17
7.360000014305114746e-01 5.911593154887001696e-17
7.369999885559082031e-01 6.237657826188054569e-17
7.379999756813049316e-01 6.079888675339080537e-17
7.390000224113464355e-01 6.325698960121258580e-17
7.400000095367431641e-01 5.516798377361162775e-17
7.409999966621398926e-01 5.784116019814209580e-17
7.419999837875366211e-01 5.548718284582849049e-17
7.429999709129333496e-01 5.862678325672045936e-17
7.440000176429748535e-01 5.576727943612874651e-17
7.450000047683715820e-01 5.636479500596765116e-17
7.459999918937683105e-01 5.637389399270573446e-17
7.469999790191650391e-01 5.897121464634263966e-17
7.480000257492065430e-01 5.559687361249792239e-17
7.490000128746032715e-01 6.558865954676686106e-17
7.500000000000000000e-01 7.378728996658824677e-17
7.509999871253967285e-01 6.844884496418331761e-17
7.519999742507934570e-01 5.920526705502574395e-17
7.530000209808349609e-01 7.189693080399836241e-17
7.540000081062316895e-01 5.371699317390785978e-17
7.549999952316284180e-01 5.645460696815620869e-17
7.559999823570251465e-01 6.735567615385773836e-17
7.570000290870666504e-01 5.330611602004051988e-17
7.580000162124633789e-01 5.368079244158008908e-17
7.590000033378601074e-01 5.419849831719742740e-17
7.599999904632568359e-01 5.289331980715205694e-17
7.609999775886535645e-01 5.042115488891687504e-17
7.620000243186950684e-01 5.547464609646463680e-17
7.630000114440917969e-01 6.464954485372315768e-17
7.639999985694885254e-01 6.335074556056179617e-17
7.649999856948852539e-01 6.214507356948410473e-17
7.659999728202819824e-01 5.201759692753196739e-17
7.670000195503234863e-01 5.879147160795731696e-17
7.680000066757202148e-01 5.731146020364273857e-17
7.689999938011169434e-01 5.323240099257224426e-17
7.699999809265136719e-01 5.661204921722710177e-17
7.710000276565551758e-01 6.380908302925497860e-17
7.720000147819519043e-01 5.466090551450437072e-17
7.730000019073486328e-01 5.586497939263860972e-17
7.739999890327453613e-01 6.235936628769454229e-17
7.749999761581420898e-01 7.886275770865031737e-17
7.760000228881835938e-01 5.979926876162252334e-17
7.770000100135803223e-01 5.948480777995436434e-17
7.779999971389770508e-01 6.599046418367571936e-17
7.789999842643737793e-01 6.330100222724530730e-17
7.799999713897705078e-01 5.977035052740766949e-17
7.810000181198120117e-01 6.765674342704743873e-17
7.820000052452087402e-01 6.760152084935339861e-17
7.829999923706054688e-01 6.211115916436943060e-17
7.839999794960021973e-01 5.880074926570771172e-17
7.850000262260437012e-01 5.861266824674785450e-17
7.860000133514404297e-01 7.025172812263449419e-17
7.870000004768371582e-01 5.997228847598901503e-17
7.879999876022338867e-01 6.054914438284879526e-17
7.889999747276306152e-01 6.166755874546949292e-17
7.900000214576721191e-01 5.405617692972400367e-17
7.910000085830688477e-01 5.671145647452127442e-17
7.919999957084655762e-01 5.563101301073921094e-17
7.929999828338623047e-01 5.131405334677601566e-17
7.940000295639038086e-01 5.778459427913326956e-17
7.950000166893005371e-01 6.648359617765533234e-17
7.960000038146972656e-01 5.486054720970526906e-17
7.969999909400939941e-01 5.363398063635448814e-17
7.979999780654907227e-01 6.232626582830262034e-17
7.990000247955322266e-01 5.169037420337334028e-17
8.000000119209289551e-01 5.127693609832953620e-17
8.009999990463256836e-01 5.133578172710655859e-17
8.019999861717224121e-01 5.857214963162255699e-17
8.029999732971191406e-01 5.701142525185750438e-17
8.040000200271606445e-01 5.355317501667540797e-17
8.050000071525573730e-01 6.175852876051562469e-17
8.059999942779541016e-01 5.461598629852029111e-17
8.069999814033508301e-01 5.603863438171554213e-17
8.080000281333923340e-01 5.632934535363607860e-17
8.090000152587890625e-01 5.316008886342285858e-17
8.100000023841857910e-01 5.080866253611836681e-17
8.109999895095825195e-01 5.454244994206432695e-17
8.119999766349792480e-01 5.349753884867509133e-17
8.130000233650207520e-01 5.349655946682982854e-17
8.140000104904174805e-01 5.596713950701135885e-17
8.149999976158142090e-01 6.002527435730671177e-17
8.159999847412109375e-01 6.290323423172570778e-17
8.169999718666076660e-01 5.560557555254198024e-17
8.180000185966491699e-01 6.131961349260518735e-17
8.190000057220458984e-01 4.969479435814426059e-17
8.199999928474426270e-01 5.194140366694848291e-17
8.209999799728393555e-01 5.394173152889361698e-17
8.220000267028808594e-01 5.495410464570746670e-17
8.230000138282775879e-01 5.493084763560492577e-17
8.240000009536743164e-01 5.595108558568292968e-17
8.249999880790710449e-01 5.153493704010727575e-17
8.259999752044677734e-01 4.975696525298374615e-17
8.270000219345092773e-01 5.196326108745458411e-17
8.280000090599060059e-01 6.474206996832088915e-17
8.289999961853027344e-01 5.581626176328168660e-17
8.299999833106994629e-01 5.640999877208244901e-17
8.309999704360961914e-01 5.722492387667989103e-17
8.320000171661376953e-01 6.061459753035889123e-17
8.330000042915344238e-01 5.598470882322198515e-17
8.339999914169311523e-01 5.427506877214023607e-17
8.349999785423278809e-01 5.476257593795448846e-17
8.360000252723693848e-01 5.268688199603842293e-17
8.370000123977661133e-01 5.002846578235835111e-17
8.379999995231628418e-01 5.101743299655940036e-17
8.389999866485595703e-01 5.115375897895303974e-17
8.399999737739562988e-01 5.562877631436286756e-17
8.410000205039978027e-01 6.190919474600848336e-17
8.420000076293945312e-01 6.840799547681299889e-17
8.429999947547912598e-01 6.510542725035828272e-17
8.439999818801879883e-01 5.413970231925715820e-17
8.450000286102294922e-01 5.477884823496463162e-17
8.460000157356262207e-01 5.476561334516378318e-17
8.470000028610229492e-01 5.912891497576464928e-17
8.479999899864196777e-01 5.917877742308934579e-17
8.489999771118164062e-01 5.684148926681461037e-17
8.500000238418579102e-01 5.519857953010873914e-17
8.510000109672546387e-01 5.437523372687550730e-17
8.519999980926513672e-01 5.312148930731868410e-17
8.529999852180480957e-01 5.014029398373062003e-17
8.539999723434448242e-01 5.352731735072700032e-17
8.550000190734863281e-01 5.620830566896241917e-17
8.560000061988830566e-01 5.800433315449675625e-17
8.569999933242797852e-01 5.609926341189322885e-17
8.579999804496765137e-01 5.545970390587947891e-17
8.590000271797180176e-01 6.999474626737141997e-17
8.600000143051147461e-01 6.574186663110148264e-17
8.610000014305114746e-01 6.920351823296239709e-17
8.619999885559082031e-01 7.038066241907435972e-17
8.629999756813049316e-01 5.837309027157289599e-17
8.640000224113464355e-01 6.329381568208344660e-17
8.650000095367431641e-01 7.223592265391239400e-17
8.659999966621398926e-01 6.127108776915037654e-17
8.669999837875366211e-01 5.778202009306700453e-17
8.679999709129333496e-01 6.083717528958465992e-17
8.690000176429748535e-01 5.887219781829759204e-17
8.700000047683715820e-01 6.415530112900027344e-17
8.709999918937683105e-01 6.707992722485706105e-17
8.719999790191650391e-01 6.689232266193003438e-17
8.730000257492065430e-01 6.980356166675326379e-17
8.740000128746032715e-01 6.058605649050336156e-17
8.750000000000000000e-01 6.121031977262978091e-17
8.759999871253967285e-01 5.456776166880844959e-17
8.769999742507934570e-01 6.275497699617660352e-17
8.780000209808349609e-01 6.605935178508913551e-17
8.790000081062316895e-01 5.844647111807370018e-17
8.799999952316284180e-01 5.602598182706593102e-17
8.809999823570251465e-01 6.169890558196280245e-17
8.820000290870666504e-01 6.700700959949928656e-17
8.830000162124633789e-01 5.851580208829544475e-17
8.840000033378601074e-01 5.601882175168367201e-17
8.849999904632568359e-01 6.661591198843931465e-17
8.859999775886535645e-01 6.000943219421509618e-17
8.870000243186950684e-01 5.943014768507686027e-17
8.880000114440917969e-01 5.850918464339502053e-17
8.889999985694885254e-01 6.456297543953580802e-17
8.899999856948852539e-01 5.702260873373922131e-17
8.909999728202819824e-01 5.705116300848455183e-17
8.920000195503234863e-01 5.858463675014965750e-17
8.930000066757202148e-01 6.514141291572678964e-17
8.939999938011169434e-01 5.471925152619141108e-17
8.949999809265136719e-01 5.459684864786826426e-17
8.960000276565551758e-01 6.257166053754505174e-17
8.970000147819519043e-01 6.442105109875640974e-17
8.980000019073486328e-01 6.644990676566727263e-17
8.989999890327453613e-01 5.590704648987060649e-17
8.999999761581420898e-01 6.128427633683692201e-17
9.010000228881835938e-01 6.649106727294791129e-17
9.020000100135803223e-01 5.798653222771461510e-17
9.029999971389770508e-01 5.918941165704432752e-17
9.039999842643737793e-01 5.752970353645872940e-17
9.049999713897705078e-01 5.812257365997753624e-17
9.060000181198120117e-01 5.466491237739157759e-17
9.070000052452087402e-01 5.227015832960155823e-17
9.079999923706054688e-01 6.153202685646390444e-17
9.089999794960021973e-01 5.251247261824284215e-17
9.100000262260437012e-01 5.952584917322679536e-17
9.110000133514404297e-01 6.587964845137321535e-17
9.120000004768371582e-01 5.688092923842113873e-17
9.129999876022338867e-01 5.662041366758123798e-17
9.139999747276306152e-01 5.545252728688496884e-17
9.150000214576721191e-01 6.277116326640304117e-17
9.160000085830688477e-01 6.318241761462970525e-17
9.169999957084655762e-01 5.705320118151388249e-17
9.179999828338623047e-01 6.096669853862066320e-17
9.190000295639038086e-01 6.375803605929310615e-17
9.200000166893005371e-01 5.638243711407218213e-17
9.210000038146972656e-01 6.673088347613928507e-17
9.219999909400939941e-01 6.630966325589258211e-17
9.229999780654907227e-01 6.305275539925079306e-17
9.240000247955322266e-01 6.353917730410137588e-17
9.250000119209289551e-01 5.608401681884265144e-17
9.259999990463256836e-01 6.208730989294830170e-17
9.269999861717224121e-01 5.894670363043146835e-17
9.279999732971191406e-01 6.563144794549300408e-17
9.290000200271606445e-01 7.093002945981777773e-17
9.300000071525573730e-01 6.714791485376401950e-17
9.309999942779541016e-01 6.962146281798339007e-17
9.319999814033508301e-01 5.983163468463049820e-17
9.330000281333923340e-01 6.445042593666939286e-17
9.340000152587890625e-01 6.708371902078500413e-17
9.350000023841857910e-01 5.928827628385666538e-17
9.359999895095825195e-01 5.585692596219479344e-17
9.369999766349792480e-01 6.604738744470916851e-17
9.380000233650207520e-01 6.104334840290227696e-17
9.390000104904174805e-01 5.920614717519750037e-17
9.399999976158142090e-01 6.109359466203119807e-17
9.409999847412109375e-01 7.369167450522201720e-17
9.419999718666076660e-01 8.064740980640082522e-17
9.430000185966491699e-01 7.877175460637968348e-17
9.440000057220458984e-01 7.474863927449737554e-17
9.449999928474426270e-01 7.941328941969621005e-17
9.459999799728393555e-01 6.742463654716505917e-17
9.470000267028808594e-01 6.215934078068941935e-17
9.480000138282775879e-01 5.816344961712745665e-17
9.490000009536743164e-01 6.030953332044933462e-17
9.499999880790710449e-01 5.868471898682367342e-17
9.509999752044677734e-01 5.900838483434832252e-17
9.520000219345092773e-01 5.935973807133634655e-17
9.530000090599060059e-01 6.497117252821847612e-17
9.539999961853027344e-01 6.632504881528606842e-17
9.549999833106994629e-01 7.665843387275980583e-17
9.559999704360961914e-01 6.866148993861354954e-17
9.570000171661376953e-01 7.500654095460160872e-17
9.580000042915344238e-01 6.826599172669479553e-17
9.589999914169311523e-01 7.113450188979598575e-17
9.599999785423278809e-01 7.209340274309195755e-17
9.610000252723693848e-01 7.062253664762976543e-17
9.620000123977661133e-01 7.079846803775244378e-17
9.629999995231628418e-01 7.510045573262842927e-17
9.639999866485595703e-01 7.072868046383256994e-17
9.649999737739562988e-01 8.092640790084761082e-17
9.660000205039978027e-01 7.553543362082311419e-17
9.670000076293945312e-01 7.854954080662343813e-17
9.679999947547912598e-01 8.129436430709079922e-17
9.689999818801879883e-01 8.038631190040968714e-17
9.700000286102294922e-01 7.868450359536759012e-17
9.710000157356262207e-01 6.861751701725023059e-17
9.720000028610229492e-01 7.245823571534214572e-17
9.729999899864196777e-01 7.839023243809062542e-17
9.739999771118164062e-01 7.596674544454296409e-17
9.750000238418579102e-01 7.580756280746325944e-17
9.760000109672546387e-01 8.885221430231430672e-17
9.769999980926513672e-01 7.717135202699168723e-17
9.779999852180480957e-01 7.828262616656482716e-17
9.789999723434448242e-01 7.985432226997478313e-17
9.800000190734863281e-01 7.357753681557950023e-17
9.810000061988830566e-01 7.153241546910339460e-17
9.819999933242797852e-01 7.955441304964265699e-17
9.829999804496765137e-01 7.676175203999012920e-17
9.840000271797180176e-01 7.575626437459517088e-17
9.850000143051147461e-01 8.434192267686276760e-17
9.860000014305114746e-01 8.186123448959583930e-17
9.869999885559082031e-01 8.167792464840918794e-17
9.879999756813049316e-01 7.717968339012132133e-17
9.890000224113464355e-01 8.043618758262418449e-17
9.900000095367431641e-01 7.600915664890978292e-17
9.909999966621398926e-01 7.868599913791508599e-17
9.919999837875366211e-01 8.136780471059570723e-17
9.929999709129333496e-01 8.123928069573966800e-17
9.940000176429748535e-01 7.973379212855845636e-17
9.950000047683715820e-01 9.231555997006972978e-17
9.959999918937683105e-01 7.791995048135217728e-17
9.969999790191650391e-01 7.334695194802421823e-17
9.980000257492065430e-01 7.588313402822610405e-17
9.990000128746032715e-01 7.574431988654990516e-17
1.000000000000000000e+00 7.730544131300898323e-17
1.001000046730041504e+00 7.886071291817608629e-17
1.001999974250793457e+00 8.477077281107965969e-17
1.003000020980834961e+00 9.288833291342594826e-17
1.003999948501586914e+00 9.310415426140838382e-17
1.004999995231628418e+00 9.018566253697428946e-17
1.006000041961669922e+00 8.994722937976710434e-17
1.006999969482421875e+00 8.991003933942672021e-17
1.008000016212463379e+00 7.893284306759071030e-17
1.008999943733215332e+00 7.367689775075936991e-17
1.009999990463256836e+00 7.464069551328165564e-17
1.011000037193298340e+00 7.532851273623174921e-17
1.011999964714050293e+00 7.463242370715612536e-17
1.013000011444091797e+00 7.738819246148878812e-17
1.014000058174133301e+00 8.451796656354875316e-17
1.014999985694885254e+00 8.088619368818773282e-17
1.016000032424926758e+00 8.763966678598507452e-17
1.016999959945678711e+00 8.578983285596538809e-17
1.018000006675720215e+00 1.060090982595216749e-16
1.019000053405761719e+00 1.008440832530670638e-16
1.019999980926513672e+00 9.335983909747097489e-17
1.021000027656555176e+00 8.544596394915974385e-17
1.021999955177307129e+00 9.312578007134297018e-17
1.023000001907348633e+00 8.999895794655372048e-17
1.024000048637390137e+00 8.948764783143264216e-17
1.024999976158142090e+00 8.723307773641320951e-17
1.026000022888183594e+00 8.894491808792434964e-17
1.026999950408935547e+00 9.652234248516331199e-17
1.027999997138977051e+00 9.131739781617954107e-17
1.029000043869018555e+00 8.918059177060805786e-17
1.029999971389770508e+00 9.611644826730599152e-17
1.031000018119812012e+00 1.098261331223149718e-16
1.031999945640563965e+00 9.797932518122441409e-17
1.032999992370605469e+00 8.806266709890999160e-17
1.034000039100646973e+00 9.121309364965905450e-17
1.034999966621398926e+00 9.161871655227545757e-17
1.036000013351440430e+00 1.034392466196664307e-16
1.036999940872192383e+00 1.137222332167785372e-16
1.037999987602233887e+00 1.607425806009714483e-16
1.039000034332275391e+00 1.640798507084839891e-16
1.039999961853027344e+00 1.496875036201023457e-16
1.041000008583068848e+00 1.322557376191762558e-16
1.042000055313110352e+00 1.078362806756472093e-16
1.042999982833862305e+00 1.114999231656486726e-16
1.044000029563903809e+00 1.134791215260267522e-16
1.044999957084655762e+00 1.295254195579306246e-16
1.046000003814697266e+00 1.392765951956201386e-16
1.047000050544738770e+00 1.243751283663794573e-16
1.047999978065490723e+00 1.074927691108661879e-16
1.049000024795532227e+00 1.007165253851664865e-16
1.049999952316284180e+00 1.007716817884115224e-16
1.050999999046325684e+00 1.016804290268071790e-16
1.052000045776367188e+00 9.744153866905673846e-17
1.052999973297119141e+00 9.121005624244975978e-17
1.054000020027160645e+00 9.375306090834398297e-17
1.054999947547912598e+00 1.000463304179862226e-16
1.055999994277954102e+00 8.592643677104484529e-17
1.057000041007995605e+00 8.421128769708349305e-17
1.057999968528747559e+00 8.183526763580657466e-17
1.059000015258789062e+00 7.870207952902311685e-17
1.059999942779541016e+00 8.365978322163723801e-17
1.060999989509582520e+00 8.669308761509369262e-17
1.062000036239624023e+00 9.101284976697221756e-17
1.062999963760375977e+00 9.289765027584574557e-17
1.064000010490417480e+00 8.872759457994951779e-17
1.065000057220458984e+00 9.183632461038100767e-17
1.065999984741210938e+00 8.478440474757453359e-17
1.067000031471252441e+00 8.065920871065828160e-17
1.067999958992004395e+00 9.674559522376892395e-17
1.069000005722045898e+00 1.241102452819052766e-16
1.070000052452087402e+00 1.407900180792369589e-16
1.070999979972839355e+00 1.137590262104248959e-16
1.072000026702880859e+00 1.071698775043948885e-16
1.072999954223632812e+00 9.290720586628195814e-17
1.074000000953674316e+00 8.932493809622101140e-17
1.075000047683715820e+00 8.493428987456914220e-17
1.075999975204467773e+00 8.553958094216604531e-17
1.077000021934509277e+00 8.198458366253974679e-17
1.077999949455261230e+00 9.606398516413542830e-17
1.078999996185302734e+00 1.056570303384844051e-16
1.080000042915344238e+00 1.009636207777483269e-16
1.080999970436096191e+00 1.062285592021993438e-16
1.082000017166137695e+00 8.696232497831235249e-17
1.082999944686889648e+00 8.156933899503812689e-17
1.083999991416931152e+00 8.182707523901984947e-17
1.085000038146972656e+00 9.103008159349292223e-17
1.085999965667724609e+00 9.423432120617223490e-17
1.087000012397766113e+00 9.161244321450985541e-17
1.088000059127807617e+00 8.855477338893003882e-17
1.088999986648559570e+00 8.557297256913358593e-17
1.090000033378601074e+00 1.075009615076529131e-16
1.090999960899353027e+00 9.347649141617565306e-17
1.092000007629394531e+00 8.265121182691868200e-17
1.093000054359436035e+00 7.491190487508064193e-17
1.093999981880187988e+00 9.175057575936131061e-17
1.095000028610229492e+00 8.701417927655207669e-17
1.095999956130981445e+00 8.722774407582346758e-17
1.097000002861022949e+00 9.286506597715605670e-17
1.098000049591064453e+00 9.984769457441018876e-17
1.098999977111816406e+00 9.011711242525079495e-17
1.100000023841857910e+00 7.842159912691863623e-17
1.100999951362609863e+00 7.628796283745445622e-17
1.101999998092651367e+00 7.589959823113835951e-17
1.103000044822692871e+00 9.022040412270151662e-17
1.103999972343444824e+00 8.067509719586420016e-17
1.105000019073486328e+00 9.121036064491517929e-17
1.105999946594238281e+00 1.104394114459066869e-16
1.106999993324279785e+00 1.124404473744561664e-16
1.108000040054321289e+00 1.287694294176163607e-16
1.108999967575073242e+00 8.969075706776136279e-17
1.110000014305114746e+00 1.046925708314720769e-16
1.110999941825866699e+00 1.019670768875588550e-16
1.111999988555908203e+00 8.902197823378978970e-17
1.113000035285949707e+00 1.009625024295601552e-16
1.113999962806701660e+00 9.930164287356188328e-17
1.115000009536743164e+00 1.005425064366200307e-16
1.116000056266784668e+00 1.115698033837971524e-16
1.116999983787536621e+00 9.502175082720841427e-17
1.118000030517578125e+00 8.531543484849887608e-17
1.118999958038330078e+00 7.647898861939500222e-17
1.120000004768371582e+00 7.622397214526735400e-17
1.121000051498413086e+00 7.872837063761250228e-17
1.121999979019165039e+00 1.046933186027458249e-16
1.123000025749206543e+00 1.024680704060801719e-16
1.123999953269958496e+00 1.346672139502296472e-16
1.125000000000000000e+00 9.545773456702796368e-17
1.126000046730041504e+00 9.066977495355462422e-17
1.126999974250793457e+00 9.908123563626345374e-17
1.128000020980834961e+00 8.590388451882419955e-17
1.128999948501586914e+00 8.037227629977588736e-17
1.129999995231628418e+00 7.518617811386852463e-17
1.131000041961669922e+00 8.169615570910985667e-17
1.131999969482421875e+00 9.438439162162405539e-17
1.133000016212463379e+00 8.178370450514246912e-17
1.133999943733215332e+00 7.478993874812092310e-17
1.134999990463256836e+00 7.404839449002428528e-17
1.136000037193298340e+00 9.815149786264365148e-17
1.136999964714050293e+00 9.587638060120840162e-17
1.138000011444091797e+00 8.424917918658332214e-17
1.139000058174133301e+00 8.424579767223920536e-17
1.139999985694885254e+00 9.777021392237100869e-17
1.141000032424926758e+00 8.444006600218095923e-17
1.141999959945678711e+00 8.056314326303882318e-17
1.143000006675720215e+00 8.375748317814710121e-17
1.144000053405761719e+00 1.005960812705338652e-16
1.144999980926513672e+00 9.203192304674774680e-17
1.146000027656555176e+00 8.101649779572198617e-17
1.146999955177307129e+00 7.479093798230088716e-17
1.148000001907348633e+00 7.356739227254714989e-17
1.149000048637390137e+00 8.718325499375791554e-17
1.149999976158142090e+00 8.326558202891896714e-17
1.151000022888183594e+00 8.972940956342474066e-17
1.151999950408935547e+00 9.618380062150250925e-17
1.152999997138977051e+00 1.014394349184235297e-16
1.154000043869018555e+00 9.318632969218185180e-17
1.154999971389770508e+00 7.837171682725923845e-17
1.156000018119812012e+00 7.281581596798146895e-17
1.156999945640563965e+00 7.087440983542971215e-17
1.157999992370605469e+00 7.114616182771053322e-17
1.159000039100646973e+00 8.108402882093081535e-17
1.159999966621398926e+00 7.853643164827569774e-17
1.161000013351440430e+00 7.808323593427014494e-17
1.161999940872192383e+00 8.814308890678484716e-17
1.162999987602233887e+00 7.872012530126657370e-17
1.164000034332275391e+00 7.581277073659989331e-17
1.164999961853027344e+00 6.954245714331722529e-17
1.166000008583068848e+00 7.099733549189999248e-17
1.167000055313110352e+00 7.031897459771260512e-17
1.167999982833862305e+00 7.445473207668993417e-17
1.169000029563903809e+00 7.046036954289996946e-17
1.169999957084655762e+00 7.420378533117604684e-17
1.171000003814697266e+00 7.455786495546304566e-17
1.172000050544738770e+00 7.576566776379867370e-17
1.172999978065490723e+00 8.451489606911495632e-17
1.174000024795532227e+00 7.758693418418322876e-17
1.174999952316284180e+00 7.545086267499569264e-17
1.175999999046325684e+00 6.985531670331948163e-17
1.177000045776367188e+00 6.878717506960730678e-17
1.177999973297119141e+00 6.897543475957947545e-17
1.179000020027160645e+00 6.960360895164204552e-17
1.179999947547912598e+00 7.129407495612481542e-17
1.180999994277954102e+00 7.325166735890300987e-17
1.182000041007995605e+00 7.480059283441060610e-17
1.182999968528747559e+00 7.907421154299847294e-17
1.184000015258789062e+00 7.688703350684496056e-17
1.184999942779541016e+00 8.171672934530527558e-17
1.185999989509582520e+00 7.585485768616659135e-17
1.187000036239624023e+00 7.201718301272887137e-17
1.187999963760375977e+00 7.200642304732078158e-17
1.189000010490417480e+00 7.199758214093381482e-17
1.190000057220458984e+00 7.276114263821416403e-17
1.190999984741210938e+00 6.936345525876075010e-17
1.192000031471252441e+00 7.098451088368297034e-17
1.192999958992004395e+00 6.998488627446978788e-17
1.194000005722045898e+00 6.997063229815427411e-17
1.195000052452087402e+00 6.981478485330438327e-17
1.195999979972839355e+00 7.274935696884650849e-17
1.197000026702880859e+00 7.196816759835142916e-17
1.197999954223632812e+00 7.535636556181763476e-17
1.199000000953674316e+00 6.966764596594345071e-17
1.200000047683715820e+00 6.899132986223029443e-17
1.200999975204467773e+00 6.885040475563086021e-17
1.202000021934509277e+00 6.841993996485826461e-17
1.202999949455261230e+00 6.954444899423225298e-17
1.203999996185302734e+00 6.790213151884496971e-17
1.205000042915344238e+00 6.986913392827156740e-17
1.205999970436096191e+00 7.411862543275248754e-17
1.207000017166137695e+00 7.321093036809599836e-17
1.207999944686889648e+00 7.071105159061783982e-17
1.208999991416931152e+00 6.808826039155920179e-17
1.210000038146972656e+00 7.046310254764384467e-17
1.210999965667724609e+00 6.975780865271173073e-17
1.212000012397766113e+00 7.295060008571330949e-17
1.213000059127807617e+00 6.984568832098936439e-17
1.213999986648559570e+00 7.127036465104659544e-17
1.215000033378601074e+00 6.851879797422570206e-17
1.215999960899353027e+00 6.731638838348391976e-17
1.217000007629394531e+00 6.657143614126356346e-17
1.218000054359436035e+00 6.809663807680313885e-17
1.218999981880187988e+00 7.014751660034261355e-17
1.220000028610229492e+00 8.919747287254904005e-17
1.220999956130981445e+00 1.080858973147361113e-16
1.222000002861022949e+00 1.285260265592889570e-16
1.223000049591064453e+00 1.333820135063386574e-16
1.223999977111816406e+00 9.337855984909427501e-17
1.225000023841857910e+00 1.159343524027617485e-16
1.225999951362609863e+00 1.050638822822797804e-16
1.226999998092651367e+00 9.418729764270982038e-17
1.228000044822692871e+00 8.137168915075225625e-17
1.228999972343444824e+00 8.559594833782785883e-17
1.230000019073486328e+00 7.738824540104799151e-17
1.230999946594238281e+00 7.788409716488167885e-17
1.231999993324279785e+00 6.915141247181645677e-17
1.233000040054321289e+00 6.676426848566192527e-17
1.233999967575073242e+00 6.528279462602435313e-17
1.235000014305114746e+00 6.578471458683172947e-17
1.235999941825866699e+00 7.091453140386098420e-17
1.236999988555908203e+00 8.031205755118202695e-17
1.238000035285949707e+00 1.064115249362511731e-16
1.238999962806701660e+00 1.004691123552294257e-16
1.240000009536743164e+00 1.221262294216396882e-16
1.241000056266784668e+00 8.383928141456124502e-17
1.241999983787536621e+00 8.644913550883955369e-17
1.243000030517578125e+00 8.895539350320172118e-17
1.243999958038330078e+00 8.237867897613961087e-17
1.245000004768371582e+00 7.518887141394299729e-17
1.246000051498413086e+00 6.812495412353205410e-17
1.246999979019165039e+00 7.316175613504094597e-17
1.248000025749206543e+00 9.119273177170044917e-17
1.248999953269958496e+00 7.902554023575585279e-17
1.250000000000000000e+00 7.741519825412741937e-17
1.251000046730041504e+00 6.905705432498130780e-17
1.251999974250793457e+00 8.442052468739000650e-17
1.253000020980834961e+00 8.589176797721152280e-17
1.253999948501586914e+00 7.833759066390775074e-17
1.254999995231628418e+00 6.959482760225918258e-17
1.256000041961669922e+00 7.127081463729982428e-17
1.256999969482421875e+00 8.639446217907224878e-17
1.258000016212463379e+00 7.676663571432664228e-17
1.258999943733215332e+00 7.678962471791071602e-17
1.259999990463256836e+00 8.107364604988204974e-17
1.261000037193298340e+00 1.045123447196090233e-16
1.261999964714050293e+00 8.818681698268685041e-17
1.263000011444091797e+00 7.295440511653105342e-17
1.264000058174133301e+00 6.554127202383492321e-17
1.264999985694885254e+00 6.736559570376347427e-17
1.266000032424926758e+00 7.228758504625000590e-17
1.266999959945678711e+00 8.716820692405435086e-17
1.268000006675720215e+00 7.436543627520360972e-17
1.269000053405761719e+00 7.316615011845482765e-17
1.269999980926513672e+00 8.760374067762067142e-17
1.271000027656555176e+00 7.923778816349205927e-17
1.271999955177307129e+00 7.699250234366792180e-17
1.273000001907348633e+00 6.893860867870861466e-17
1.274000048637390137e+00 6.529455382561240697e-17
1.274999976158142090e+00 6.413053203273798557e-17
1.276000022888183594e+00 6.320748449591251220e-17
1.276999950408935547e+00 6.777779634661089902e-17
1.277999997138977051e+00 8.074244293261581746e-17
1.279000043869018555e+00 7.569744852432020040e-17
1.279999971389770508e+00 8.173370309147486371e-17
1.281000018119812012e+00 9.050921588793563134e-17
1.281999945640563965e+00 7.656817192431801945e-17
1.282999992370605469e+00 7.049804265671808456e-17
1.284000039100646973e+00 6.430374365300658957e-17
1.284999966621398926e+00 6.698816311642287837e-17
1.286000013351440430e+00 6.424333299851061685e-17
1.286999940872192383e+00 6.116587039523363142e-17
1.287999987602233887e+00 6.011439810522562518e-17
1.289000034332275391e+00 6.247375544024327538e-17
1.289999961853027344e+00 7.074397337899745032e-17
1.291000008583068848e+00 6.119760766097606598e-17
1.292000055313110352e+00 6.414869030154474964e-17
1.292999982833862305e+00 6.238975359467729032e-17
1.294000029563903809e+00 5.842626805879270503e-17
1.294999957084655762e+00 5.413540428879433266e-17
1.296000003814697266e+00 5.175440790895229526e-17
1.297000050544738770e+00 5.159004712123800866e-17
1.297999978065490723e+00 5.176528037092369226e-17
1.299000024795532227e+00 5.324055037596711669e-17
1.299999952316284180e+00 5.391760101606422005e-17
1.300999999046325684e+00 5.355910755602863828e-17
1.302000045776367188e+00 5.286153291057286920e-17
1.302999973297119141e+00 5.658269423164881992e-17
1.304000020027160645e+00 5.498194754512600161e-17
1.304999947547912598e+00 5.941434522665464723e-17
1.305999994277954102e+00 5.845401500526018379e-17
1.307000041007995605e+00 5.731232708892469415e-17
1.307999968528747559e+00 5.501817474723337401e-17
1.309000015258789062e+00 5.570192555029215690e-17
1.309999942779541016e+00 6.170397454475652741e-17
1.310999989509582520e+00 7.381866989030605843e-17
1.312000036239624023e+00 9.273194283809422264e-17
1.312999963760375977e+00 1.144627253011360076e-16
1.314000010490417480e+00 1.321308267292358482e-16
1.315000057220458984e+00 1.416808055721728641e-16
1.315999984741210938e+00 1.387371807920069586e-16
1.317000031471252441e+00 1.246616769654576269e-16
1.317999958992004395e+00 9.737977805580107921e-17
1.319000005722045898e+00 1.083861704945377608e-16
1.320000052452087402e+00 1.173056987443664607e-16
1.320999979972839355e+00 1.490331971381280004e-16
1.322000026702880859e+00 1.539354135552520645e-16
1.322999954223632812e+00 1.447472501296906433e-16
1.324000000953674316e+00 1.469915698025593188e-16
1.325000047683715820e+00 1.395525558828576295e-16
1.325999975204467773e+00 1.210349730528903316e-16
1.327000021934509277e+00 1.150744948472904260e-16
1.327999949455261230e+00 1.103777699466592353e-16
1.328999996185302734e+00 9.310408146951447915e-17
1.330000042915344238e+00 9.035318315462852862e-17
1.330999970436096191e+00 8.660391754506047623e-17
1.332000017166137695e+00 8.305308925572144497e-17
1.332999944686889648e+00 8.731054154641757544e-17
1.333999991416931152e+00 7.899143392473906636e-17
1.335000038146972656e+00 8.275365649142214937e-17
1.335999965667724609e+00 7.380779742833466143e-17
1.337000012397766113e+00 7.170720204125829956e-17
1.338000059127807617e+00 6.798735759171753326e-17
1.338999986648559570e+00 6.689809307388320430e-17
1.340000033378601074e+00 6.882620475963000884e-17
1.340999960899353027e+00 6.726026583328342193e-17
1.342000007629394531e+00 6.730963858968548705e-17
1.343000054359436035e+00 6.798729141726852902e-17
1.343999981880187988e+00 7.022412014250992434e-17
1.345000028610229492e+00 7.007879443505170801e-17
1.345999956130981445e+00 6.952832228100991915e-17
1.347000002861022949e+00 6.838246537438716225e-17
1.348000049591064453e+00 6.999576535388608530e-17
1.348999977111816406e+00 9.256763168121668922e-17
1.350000023841857910e+00 1.083720687194549568e-16
1.350999951362609863e+00 1.715028107068572493e-16
1.351999998092651367e+00 1.090696202038535744e-16
1.353000044822692871e+00 1.010598251917106942e-16
1.353999972343444824e+00 1.164980263593798837e-16
1.355000019073486328e+00 8.533605480680859796e-17
1.355999946594238281e+00 7.841285748220517583e-17
1.356999993324279785e+00 7.738003315192656505e-17
1.358000040054321289e+00 8.232103441361201548e-17
1.358999967575073242e+00 7.482946474651115698e-17
1.360000014305114746e+00 6.958716460106449133e-17
1.360999941825866699e+00 6.536416272851996935e-17
1.361999988555908203e+00 6.894167917314241150e-17
1.363000035285949707e+00 7.226749448353231796e-17
1.363999962806701660e+00 6.938193116492273453e-17
1.365000009536743164e+00 6.935237103855253953e-17
1.366000056266784668e+00 7.655152905039345253e-17
1.366999983787536621e+00 1.051341992517916882e-16
1.368000030517578125e+00 1.154416571601455635e-16
1.368999958038330078e+00 1.477371705543799167e-16
1.370000004768371582e+00 1.224916579639309146e-16
1.371000051498413086e+00 8.274572879243144116e-17
1.371999979019165039e+00 8.056842398406936171e-17
1.373000025749206543e+00 8.407201695170916488e-17
1.373999953269958496e+00 8.193349037046357137e-17
1.375000000000000000e+00 7.788529492240865563e-17
1.376000046730041504e+00 7.257435863845478996e-17
1.376999974250793457e+00 7.792487386035809290e-17
1.378000020980834961e+00 9.767461831333948039e-17
1.378999948501586914e+00 7.962328079872137187e-17
1.379999995231628418e+00 7.358737033870153062e-17
1.381000041961669922e+00 6.464589202413812351e-17
1.381999969482421875e+00 6.752659813819079557e-17
1.383000016212463379e+00 9.045284849227381782e-17
1.383999943733215332e+00 8.296633455307688343e-17
1.384999990463256836e+00 7.985187381536162617e-17
1.386000037193298340e+00 7.238352476241635626e-17
1.386999964714050293e+00 7.622511034579022697e-17
1.388000011444091797e+00 8.826434034969532017e-17
1.389000058174133301e+00 8.316473878608140243e-17
1.389999985694885254e+00 7.429999636258331460e-17
1.391000032424926758e+00 7.253967660973166661e-17
1.391999959945678711e+00 9.289304453419505031e-17
1.393000006675720215e+00 8.382810455012442851e-17
1.394000053405761719e+00 9.283897339191368400e-17
1.394999980926513672e+00 7.613452414254831980e-17
1.396000027656555176e+00 7.675676910398010976e-17
1.396999955177307129e+00 7.337544004832054450e-17
1.398000001907348633e+00 8.674032955423782113e-17
1.399000048637390137e+00 8.472764030521869462e-17
1.399999976158142090e+00 8.193480062455385537e-17
1.401000022888183594e+00 7.940920645619264830e-17
1.401999950408935547e+00 9.332232480233046998e-17
1.402999997138977051e+00 9.288980198619384244e-17
1.404000043869018555e+00 8.319920243912281178e-17
1.404999971389770508e+00 7.582621738463755532e-17
1.406000018119812012e+00 7.646846688200332771e-17
1.406999945640563965e+00 7.238000428172933058e-17
1.407999992370605469e+00 7.829926904048939407e-17
1.409000039100646973e+00 7.794736655557463483e-17
1.409999966621398926e+00 9.928214126344033310e-17
1.411000013351440430e+00 9.900106529129481430e-17
1.411999940872192383e+00 8.432676872804079613e-17
1.412999987602233887e+00 8.152016476198307451e-17
1.414000034332275391e+00 9.409365417992391722e-17
1.414999961853027344e+00 7.917262618355758196e-17
1.416000008583068848e+00 7.484922443698382370e-17
1.417000055313110352e+00 6.625453332242714792e-17
1.417999982833862305e+00 6.450386180424031845e-17
1.419000029563903809e+00 6.933298192499429656e-17
1.419999957084655762e+00 6.692686572431024881e-17
1.421000003814697266e+00 7.121856990981097505e-17
1.422000050544738770e+00 6.730642912890878130e-17
1.422999978065490723e+00 6.896229913145213337e-17
1.424000024795532227e+00 7.889035907132998680e-17
1.424999952316284180e+00 6.947360924657321169e-17
1.425999999046325684e+00 7.538460219920774491e-17
1.427000045776367188e+00 8.555763994929930301e-17
1.427999973297119141e+00 7.393604351050488284e-17
1.429000020027160645e+00 7.679636127681934788e-17
1.429999947547912598e+00 6.710124201488132747e-17
1.430999994277954102e+00 7.224343345387437549e-17
1.432000041007995605e+00 7.566995304075893776e-17
1.432999968528747559e+00 7.328771258127562060e-17
1.434000015258789062e+00 7.260739292339770767e-17
1.434999942779541016e+00 6.825397444675562514e-17
1.435999989509582520e+00 7.424253047106803066e-17
1.437000036239624023e+00 7.320809148423371637e-17
1.437999963760375977e+00 8.249837531949848419e-17
1.439000010490417480e+00 7.855840818279000658e-17
1.440000057220458984e+00 7.767007576191215868e-17
1.440999984741210938e+00 8.708419846104346537e-17
1.442000031471252441e+00 7.373514450077290391e-17
1.442999958992004395e+00 7.008484939713559617e-17
1.444000005722045898e+00 6.596495393358458399e-17
1.445000052452087402e+00 6.846373421520927211e-17
1.445999979972839355e+00 7.314312802764625179e-17
1.447000026702880859e+00 7.892148091469668191e-17
1.447999954223632812e+00 7.559148337912970734e-17
1.449000000953674316e+00 7.414106518840982607e-17
1.450000047683715820e+00 7.162494720114602649e-17
1.450999975204467773e+00 6.864847342449441510e-17
1.452000021934509277e+00 6.717948006593904304e-17
1.452999949455261230e+00 6.785613365934212095e-17
1.453999996185302734e+00 7.911146114034296089e-17
1.455000042915344238e+00 8.360814068163432739e-17
1.455999970436096191e+00 9.121497300401077498e-17
1.457000017166137695e+00 9.148023328284427989e-17
1.457999944686889648e+00 7.809409516135174109e-17
1.458999991416931152e+00 7.578759797619867957e-17
1.460000038146972656e+00 7.181717735805844970e-17
1.460999965667724609e+00 6.700904777252861722e-17
1.462000012397766113e+00 6.625330909512056944e-17
1.463000059127807617e+00 6.331137838084917248e-17
1.463999986648559570e+00 6.281166202919363740e-17
1.465000033378601074e+00 6.329144001936419430e-17
1.465999960899353027e+00 6.224788881090199586e-17
1.467000007629394531e+00 6.294176099593597759e-17
1.468000054359436035e+00 6.339361336862674428e-17
1.468999981880187988e+00 6.369171602650105461e-17
1.470000028610229492e+00 6.512583545043119102e-17
1.470999956130981445e+00 6.920366381675020643e-17
1.472000002861022949e+00 7.431435621801723516e-17
1.473000049591064453e+00 8.034076402716006722e-17
1.473999977111816406e+00 9.362895734668142712e-17
1.475000023841857910e+00 8.154478165701265261e-17
1.475999951362609863e+00 7.808917178234582547e-17
1.476999998092651367e+00 7.149413355035444048e-17
1.478000044822692871e+00 6.995808562262306979e-17
1.478999972343444824e+00 6.987638003043753192e-17
1.480000019073486328e+00 7.356145642447146937e-17
1.480999946594238281e+00 7.595768616247428333e-17
1.481999993324279785e+00 7.218835645996814470e-17
1.483000040054321289e+00 6.978679306137558882e-17
1.483999967575073242e+00 7.075337015075605271e-17
1.485000014305114746e+00 6.839004234879814798e-17
1.485999941825866699e+00 6.688994038176588166e-17
1.486999988555908203e+00 6.490868399602377019e-17
1.488000035285949707e+00 6.513062648053909815e-17
1.488999962806701660e+00 6.465450793739847585e-17
1.490000009536743164e+00 7.270680679813678075e-17
1.491000056266784668e+00 7.526840648420119601e-17
1.491999983787536621e+00 8.500206574523928708e-17
1.493000030517578125e+00 8.213666578124129624e-17
1.493999958038330078e+00 7.620886451855968550e-17
1.495000004768371582e+00 8.046250516099317162e-17
1.496000051498413086e+00 1.064873873245896364e-16
1.496999979019165039e+00 1.409413987487790633e-16
1.498000025749206543e+00 2.268468846892691656e-16
1.498999953269958496e+00 1.598617589800555819e-16
1.500000000000000000e+00 1.892377086237819720e-16
1.501000046730041504e+00 1.162661113853996164e-16
1.501999974250793457e+00 1.204579980320223437e-16
1.503000020980834961e+00 1.013329469950859031e-16
1.503999948501586914e+00 1.307001483766539324e-16
1.504999995231628418e+00 1.377078240028561701e-16
1.506000041961669922e+00 9.743089781765685632e-17
1.506999969482421875e+00 1.107364619300418298e-16
1.508000016212463379e+00 1.020012361381348448e-16
1.508999943733215332e+00 1.097447782547091564e-16
1.509999990463256836e+00 9.204817549142318869e-17
1.511000037193298340e+00 1.110109469270665261e-16
1.511999964714050293e+00 1.130924112809357615e-16
1.513000011444091797e+00 1.161697878574290414e-16
1.514000058174133301e+00 1.688663809538588369e-16
1.514999985694885254e+00 1.390370569251145826e-16
1.516000032424926758e+00 1.301311672292256570e-16
1.516999959945678711e+00 1.557533183136272040e-16
1.518000006675720215e+00 9.878130656359662633e-17
1.519000053405761719e+00 8.945968250928344940e-17
1.519999980926513672e+00 9.009340873761747539e-17
1.521000027656555176e+00 9.870480228310282191e-17
1.521999955177307129e+00 1.053317829216285546e-16
1.523000001907348633e+00 9.537904652971701926e-17
1.524000048637390137e+00 7.942006568327424445e-17
1.524999976158142090e+00 8.429350944997126400e-17
1.526000022888183594e+00 1.009535953487241842e-16
1.526999950408935547e+00 1.240110233130683158e-16
1.527999997138977051e+00 1.158466580229413267e-16
1.529000043869018555e+00 8.317933686953173826e-17
1.529999971389770508e+00 8.515328097865888096e-17
1.531000018119812012e+00 1.004867412284441558e-16
1.531999945640563965e+00 1.230279092288816918e-16
1.532999992370605469e+00 1.086330938335521902e-16
1.534000039100646973e+00 1.139278107600551161e-16
1.534999966621398926e+00 9.866117346887432501e-17
1.536000013351440430e+00 1.141945864337708181e-16
1.536999940872192383e+00 1.123144512235520892e-16
1.537999987602233887e+00 9.100654334198211327e-17
1.539000034332275391e+00 8.620442239642186599e-17
1.539999961853027344e+00 7.973794788395592277e-17
1.541000008583068848e+00 9.876289021443874572e-17
1.542000055313110352e+00 1.141927070794190977e-16
1.542999982833862305e+00 9.719297420370700386e-17
1.544000029563903809e+00 8.406088640938665134e-17
1.544999957084655762e+00 8.697242319923039985e-17
1.546000003814697266e+00 8.480415120315739947e-17
1.547000050544738770e+00 1.025298376367807316e-16
1.547999978065490723e+00 1.124582350663485067e-16
1.549000024795532227e+00 1.058167357537112432e-16
1.549999952316284180e+00 9.213531400587197484e-17
1.550999999046325684e+00 9.885718218682489045e-17
1.552000045776367188e+00 9.861945709622205072e-17
1.552999973297119141e+00 1.373097846920956532e-16
1.554000020027160645e+00 9.932777516347365853e-17
1.554999947547912598e+00 1.012581632502662090e-16
1.555999994277954102e+00 8.889438727866471029e-17
1.557000041007995605e+00 9.791080153928052128e-17
1.557999968528747559e+00 9.389351617635548707e-17
1.559000015258789062e+00 9.163278524013375947e-17
1.559999942779541016e+00 7.726111104962104137e-17
1.560999989509582520e+00 8.279019140471739150e-17
1.562000036239624023e+00 9.776706401859840676e-17
1.562999963760375977e+00 8.279154798092197847e-17
1.564000010490417480e+00 1.026302639805895696e-16
1.565000057220458984e+00 9.418242058581820773e-17
1.565999984741210938e+00 1.240669010178074979e-16
1.567000031471252441e+00 9.375429837054036230e-17
1.567999958992004395e+00 9.242393386520397726e-17
1.569000005722045898e+00 7.969993066300298562e-17
1.570000052452087402e+00 7.482489209208496384e-17
1.570999979972839355e+00 8.091707068609311224e-17
1.572000026702880859e+00 8.146088569056507433e-17
1.572999954223632812e+00 8.104157129444969354e-17
1.574000000953674316e+00 7.480492064337548354e-17
1.575000047683715820e+00 7.554296427311979695e-17
1.575999975204467773e+00 8.191656294640828622e-17
1.577000021934509277e+00 8.753675228289367703e-17
1.577999949455261230e+00 8.023984799242859785e-17
1.578999996185302734e+00 8.561904983797523979e-17
1.580000042915344238e+00 1.017358302755135306e-16
1.580999970436096191e+00 1.008329262409649485e-16
1.582000017166137695e+00 1.032581668574112223e-16
1.582999944686889648e+00 9.244464646774230507e-17
1.583999991416931152e+00 8.798962374209910904e-17
1.585000038146972656e+00 8.006320191825667368e-17
1.585999965667724609e+00 8.200114050968060819e-17
1.587000012397766113e+00 7.362814041673304425e-17
1.588000059127807617e+00 8.080496455203502550e-17
1.588999986648559570e+00 8.715234490862803400e-17
1.590000033378601074e+00 1.049748379436996721e-16
1.590999960899353027e+00 1.261691706184436671e-16
1.592000007629394531e+00 1.160861036492182767e-16
1.593000054359436035e+00 1.397082246566952088e-16
1.593999981880187988e+00 1.072916384905626941e-16
1.595000028610229492e+00 1.112302622859563856e-16
1.595999956130981445e+00 1.299079608127343480e-16
1.597000002861022949e+00 1.171806025659688413e-16
1.598000049591064453e+00 1.108711600209899648e-16
1.598999977111816406e+00 1.125842841568117873e-16
1.600000023841857910e+00 9.043565637042251569e-17
1.600999951362609863e+00 1.222936640125102219e-16
1.601999998092651367e+00 9.155237004970380433e-17
1.603000044822692871e+00 9.207725254431565272e-17
1.603999972343444824e+00 9.338242443691612276e-17
1.605000019073486328e+00 9.108016903394423316e-17
1.605999946594238281e+00 9.902614540746742210e-17
1.606999993324279785e+00 1.180834338086235186e-16
1.608000040054321289e+00 9.890956588065664859e-17
1.608999967575073242e+00 1.043618574051284761e-16
1.610000014305114746e+00 9.851413384318689881e-17
1.610999941825866699e+00 1.215437751563941491e-16
1.611999988555908203e+00 1.132269307008715851e-16
1.613000035285949707e+00 1.095792825751944471e-16
1.613999962806701660e+00 1.068832958180922167e-16
1.615000009536743164e+00 8.668786645106725790e-17
1.616000056266784668e+00 8.929908373899505397e-17
1.616999983787536621e+00 7.870256260250084782e-17
1.618000030517578125e+00 7.663441254777126591e-17
1.618999958038330078e+00 7.164554068967614667e-17
1.620000004768371582e+00 7.071426105139454557e-17
1.621000051498413086e+00 6.911731277824457076e-17
1.621999979019165039e+00 7.326883962841961072e-17
1.623000025749206543e+00 7.457305199150951924e-17
1.623999953269958496e+00 8.138915258784447577e-17
1.625000000000000000e+00 1.009930816424450155e-16
1.626000046730041504e+00 1.237128677156348021e-16
1.626999974250793457e+00 1.317763434408099235e-16
1.628000020980834961e+00 1.726219662233067944e-16
1.628999948501586914e+00 1.076516804327049752e-16
1.629999995231628418e+00 1.245205136308417775e-16
1.631000041961669922e+00 1.193715459282706950e-16
1.631999969482421875e+00 1.261029035252108190e-16
1.633000016212463379e+00 1.475671683948880184e-16
1.633999943733215332e+00 1.108623588192724006e-16
1.634999990463256836e+00 1.215292961869520209e-16
1.636000037193298340e+00 1.565848002653655075e-16
1.636999964714050293e+00 2.050564591953398571e-16
1.638000011444091797e+00 1.048833782377309089e-15
1.639000058174133301e+00 0.000000000000000000e+00
1.639999985694885254e+00 0.000000000000000000e+00
1.641000032424926758e+00 0.000000000000000000e+00
1.641999959945678711e+00 0.000000000000000000e+00
1.643000006675720215e+00 0.000000000000000000e+00
1.644000053405761719e+00 0.000000000000000000e+00
1.644999980926513672e+00 0.000000000000000000e+00
1.646000027656555176e+00 0.000000000000000000e+00
1.646999955177307129e+00 0.000000000000000000e+00
1.648000001907348633e+00 0.000000000000000000e+00
1.649000048637390137e+00 0.000000000000000000e+00
1.649999976158142090e+00 0.000000000000000000e+00
1.651000022888183594e+00 0.000000000000000000e+00
1.651999950408935547e+00 0.000000000000000000e+00
1.652999997138977051e+00 0.000000000000000000e+00
1.654000043869018555e+00 0.000000000000000000e+00
1.654999971389770508e+00 0.000000000000000000e+00
1.656000018119812012e+00 0.000000000000000000e+00
1.656999945640563965e+00 0.000000000000000000e+00
1.657999992370605469e+00 0.000000000000000000e+00
1.659000039100646973e+00 0.000000000000000000e+00
1.659999966621398926e+00 0.000000000000000000e+00
1.661000013351440430e+00 0.000000000000000000e+00
1.661999940872192383e+00 0.000000000000000000e+00
1.662999987602233887e+00 0.000000000000000000e+00
1.664000034332275391e+00 0.000000000000000000e+00
1.664999961853027344e+00 0.000000000000000000e+00
1.666000008583068848e+00 0.000000000000000000e+00
1.667000055313110352e+00 0.000000000000000000e+00
1.667999982833862305e+00 0.000000000000000000e+00
1.669000029563903809e+00 0.000000000000000000e+00
1.669999957084655762e+00 0.000000000000000000e+00
1.671000003814697266e+00 0.000000000000000000e+00
1.672000050544738770e+00 0.000000000000000000e+00
1.672999978065490723e+00 0.000000000000000000e+00
1.674000024795532227e+00 0.000000000000000000e+00
1.674999952316284180e+00 0.000000000000000000e+00
1.675999999046325684e+00 0.000000000000000000e+00
1.677000045776367188e+00 0.000000000000000000e+00
1.677999973297119141e+00 0.000000000000000000e+00
1.679000020027160645e+00 0.000000000000000000e+00
1.679999947547912598e+00 0.000000000000000000e+00
1.680999994277954102e+00 0.000000000000000000e+00
1.682000041007995605e+00 0.000000000000000000e+00
1.682999968528747559e+00 0.000000000000000000e+00
1.684000015258789062e+00 0.000000000000000000e+00
1.684999942779541016e+00 0.000000000000000000e+00
1.685999989509582520e+00 0.000000000000000000e+00
1.687000036239624023e+00 0.000000000000000000e+00
1.687999963760375977e+00 0.000000000000000000e+00
1.689000010490417480e+00 0.000000000000000000e+00
1.690000057220458984e+00 0.000000000000000000e+00
1.690999984741210938e+00 0.000000000000000000e+00
1.692000031471252441e+00 0.000000000000000000e+00
1.692999958992004395e+00 0.000000000000000000e+00
1.694000005722045898e+00 0.000000000000000000e+00
1.695000052452087402e+00 0.000000000000000000e+00
1.695999979972839355e+00 0.000000000000000000e+00
1.697000026702880859e+00 0.000000000000000000e+00
1.697999954223632812e+00 0.000000000000000000e+00
1.699000000953674316e+00 0.000000000000000000e+00
1.700000047683715820e+00 0.000000000000000000e+00
