0.000000 5.99608e-17
0.001000 5.91074e-17
0.002000 5.99879e-17
0.003000 5.56444e-17
0.004000 5.39366e-17
0.005000 5.65194e-17
0.006000 5.66201e-17
0.007000 5.3509e-17
0.008000 6.86109e-17
0.009000 5.39219e-17
0.010000 5.45787e-17
0.011000 5.5378e-17
0.012000 5.25426e-17
0.013000 5.20224e-17
0.014000 5.17713e-17
0.015000 6.94717e-17
0.016000 4.827e-17
0.017000 4.89368e-17
0.018000 4.4958e-17
0.019000 5.59192e-17
0.020000 4.80911e-17
0.021000 4.93688e-17
0.022000 4.92479e-17
0.023000 4.9965e-17
0.024000 4.9413e-17
0.025000 4.8975e-17
0.026000 4.92686e-17
0.027000 4.91678e-17
0.028000 4.874e-17
0.029000 4.81965e-17
0.030000 4.90895e-17
0.031000 4.97788e-17
0.032000 4.75049e-17
0.033000 4.6953e-17
0.034000 4.8339e-17
0.035000 4.72621e-17
0.036000 4.77121e-17
0.037000 4.74536e-17
0.038000 4.93623e-17
0.039000 4.84456e-17
0.040000 4.98093e-17
0.041000 5.71367e-17
0.042000 4.92719e-17
0.043000 4.83743e-17
0.044000 4.84396e-17
0.045000 4.76749e-17
0.046000 6.69877e-17
0.047000 5.62184e-17
0.048000 4.91341e-17
0.049000 5.07185e-17
0.050000 5.4391e-17
0.051000 4.8889e-17
0.052000 4.86719e-17
0.053000 5.08042e-17
0.054000 4.75287e-17
0.055000 5.79505e-17
0.056000 4.7013e-17
0.057000 4.90226e-17
0.058000 4.75732e-17
0.059000 5.84559e-17
0.060000 4.87837e-17
0.061000 4.79845e-17
0.062000 5.31095e-17
0.063000 5.02731e-17
0.064000 4.72497e-17
0.065000 4.76183e-17
0.066000 4.79438e-17
0.067000 5.06265e-17
0.068000 4.88798e-17
0.069000 4.71869e-17
0.070000 4.76233e-17
0.071000 4.72747e-17
0.072000 4.6855e-17
0.073000 4.91616e-17
0.074000 5.35652e-17
0.075000 4.81008e-17
0.076000 4.81721e-17
0.077000 4.83479e-17
0.078000 4.80778e-17
0.079000 4.83054e-17
0.080000 4.93962e-17
0.081000 4.67309e-17
0.082000 4.64495e-17
0.083000 4.62622e-17
0.084000 4.58954e-17
0.085000 4.5749e-17
0.086000 4.7788e-17
0.087000 4.75642e-17
0.088000 4.68083e-17
0.089000 4.91288e-17
0.090000 4.63274e-17
0.091000 4.77699e-17
0.092000 4.85173e-17
0.093000 4.83832e-17
0.094000 4.8617e-17
0.095000 4.7137e-17
0.096000 4.68377e-17
0.097000 4.83382e-17
0.098000 4.61923e-17
0.099000 4.55515e-17
0.100000 4.54653e-17
0.101000 4.65383e-17
0.102000 4.89248e-17
0.103000 6.33769e-17
0.104000 6.59425e-17
0.105000 5.39972e-17
0.106000 4.75388e-17
0.107000 4.7943e-17
0.108000 4.93816e-17
0.109000 5.65761e-17
0.110000 6.13128e-17
0.111000 4.92163e-17
0.112000 4.95624e-17
0.113000 5.59755e-17
0.114000 5.26829e-17
0.115000 5.774e-17
0.116000 4.55809e-17
0.117000 5.51053e-17
0.118000 4.77193e-17
0.119000 5.09779e-17
0.120000 4.86056e-17
0.121000 5.2841e-17
0.122000 4.7708e-17
0.123000 6.22464e-17
0.124000 4.68254e-17
0.125000 4.68775e-17
0.126000 4.98259e-17
0.127000 4.65683e-17
0.128000 5.76751e-17
0.129000 4.70402e-17
0.130000 4.85224e-17
0.131000 4.65422e-17
0.132000 5.24442e-17
0.133000 4.83503e-17
0.134000 4.68135e-17
0.135000 4.6469e-17
0.136000 4.65965e-17
0.137000 5.04232e-17
0.138000 5.18964e-17
0.139000 5.38049e-17
0.140000 5.83921e-17
0.141000 4.94397e-17
0.142000 5.1703e-17
0.143000 4.88259e-17
0.144000 4.82626e-17
0.145000 4.89459e-17
0.146000 5.24269e-17
0.147000 5.41017e-17
0.148000 4.97803e-17
0.149000 5.16804e-17
0.150000 4.87552e-17
0.151000 4.93354e-17
0.152000 4.99678e-17
0.153000 5.02206e-17
0.154000 5.70557e-17
0.155000 4.71257e-17
0.156000 5.39495e-17
0.157000 5.8465e-17
0.158000 7.24087e-17
0.159000 6.39894e-17
0.160000 5.51475e-17
0.161000 5.97695e-17
0.162000 6.23282e-17
0.163000 5.84719e-17
0.164000 5.41997e-17
0.165000 5.02398e-17
0.166000 5.41126e-17
0.167000 4.90633e-17
0.168000 4.72137e-17
0.169000 4.57629e-17
0.170000 4.51931e-17
0.171000 4.96299e-17
0.172000 5.1356e-17
0.173000 5.06976e-17
0.174000 4.56949e-17
0.175000 5.98242e-17
0.176000 6.9577e-17
0.177000 5.86368e-17
0.178000 4.70472e-17
0.179000 4.77972e-17
0.180000 4.62373e-17
0.181000 6.86351e-17
0.182000 5.17483e-17
0.183000 4.54675e-17
0.184000 4.78753e-17
0.185000 4.81915e-17
0.186000 4.75354e-17
0.187000 4.99156e-17
0.188000 5.021e-17
0.189000 4.37613e-17
0.190000 5.45604e-17
0.191000 4.57072e-17
0.192000 5.92242e-17
0.193000 4.48062e-17
0.194000 4.34264e-17
0.195000 5.17438e-17
0.196000 5.13427e-17
0.197000 5.51927e-17
0.198000 5.15277e-17
0.199000 6.00641e-17
0.200000 4.40688e-17
0.201000 5.58969e-17
0.202000 5.6463e-17
0.203000 4.56942e-17
0.204000 4.32649e-17
0.205000 4.47331e-17
0.206000 6.15406e-17
0.207000 6.17428e-17
0.208000 4.63017e-17
0.209000 4.63262e-17
0.210000 4.29928e-17
0.211000 5.17974e-17
0.212000 4.22146e-17
0.213000 4.32986e-17
0.214000 5.34008e-17
0.215000 4.28002e-17
0.216000 5.5666e-17
0.217000 4.33852e-17
0.218000 6.31046e-17
0.219000 4.41076e-17
0.220000 4.19856e-17
0.221000 5.27431e-17
0.222000 4.59606e-17
0.223000 6.18579e-17
0.224000 4.35589e-17
0.225000 4.1356e-17
0.226000 4.08493e-17
0.227000 5.01824e-17
0.228000 4.39439e-17
0.229000 4.27089e-17
0.230000 4.03594e-17
0.231000 4.10908e-17
0.232000 4.33135e-17
0.233000 4.30832e-17
0.234000 4.11694e-17
0.235000 4.4723e-17
0.236000 4.07142e-17
0.237000 3.99577e-17
0.238000 4.0479e-17
0.239000 4.25364e-17
0.240000 4.52544e-17
0.241000 4.35796e-17
0.242000 4.1664e-17
0.243000 4.09671e-17
0.244000 4.08091e-17
0.245000 4.0336e-17
0.246000 4.15981e-17
0.247000 4.05331e-17
0.248000 4.18112e-17
0.249000 4.19382e-17
0.250000 4.05172e-17
0.251000 4.05242e-17
0.252000 4.03328e-17
0.253000 4.2094e-17
0.254000 4.16691e-17
0.255000 3.93099e-17
0.256000 4.22942e-17
0.257000 4.1002e-17
0.258000 4.28516e-17
0.259000 3.96064e-17
0.260000 4.03443e-17
0.261000 4.35688e-17
0.262000 5.88211e-17
0.263000 6.18977e-17
0.264000 5.24827e-17
0.265000 4.90497e-17
0.266000 4.49262e-17
0.267000 4.11732e-17
0.268000 4.01361e-17
0.269000 3.85791e-17
0.270000 3.99037e-17
0.271000 5.10605e-17
0.272000 4.78613e-17
0.273000 5.05075e-17
0.274000 4.62022e-17
0.275000 4.30225e-17
0.276000 3.94394e-17
0.277000 5.19333e-17
0.278000 3.97843e-17
0.279000 3.98138e-17
0.280000 5.56856e-17
0.281000 3.9173e-17
0.282000 4.8514e-17
0.283000 4.05536e-17
0.284000 4.63311e-17
0.285000 4.74291e-17
0.286000 3.75828e-17
0.287000 4.09178e-17
0.288000 5.25009e-17
0.289000 3.91471e-17
0.290000 5.58057e-17
0.291000 4.01894e-17
0.292000 3.79079e-17
0.293000 3.83853e-17
0.294000 4.81874e-17
0.295000 3.98981e-17
0.296000 5.59826e-17
0.297000 3.80815e-17
0.298000 3.97155e-17
0.299000 3.70484e-17
0.300000 3.63369e-17
0.301000 4.40588e-17
0.302000 3.47021e-17
0.303000 3.66013e-17
0.304000 3.26307e-17
0.305000 3.31382e-17
0.306000 3.33235e-17
0.307000 3.44355e-17
0.308000 3.31302e-17
0.309000 3.60701e-17
0.310000 3.81581e-17
0.311000 3.39776e-17
0.312000 3.57519e-17
0.313000 4.5807e-17
0.314000 5.59862e-17
0.315000 5.8357e-17
0.316000 5.51169e-17
0.317000 4.53546e-17
0.318000 6.06104e-17
0.319000 6.12436e-17
0.320000 5.58705e-17
0.321000 5.79545e-17
0.322000 5.30586e-17
0.323000 4.68634e-17
0.324000 4.29296e-17
0.325000 4.42257e-17
0.326000 4.14905e-17
0.327000 4.16157e-17
0.328000 3.81405e-17
0.329000 3.78446e-17
0.330000 3.92882e-17
0.331000 3.84502e-17
0.332000 3.93286e-17
0.333000 3.80102e-17
0.334000 3.92423e-17
0.335000 5.58099e-17
0.336000 6.355e-17
0.337000 4.61622e-17
0.338000 4.24044e-17
0.339000 4.0112e-17
0.340000 4.02156e-17
0.341000 3.73887e-17
0.342000 3.89746e-17
0.343000 3.76392e-17
0.344000 4.01659e-17
0.345000 5.93371e-17
0.346000 5.34548e-17
0.347000 3.96433e-17
0.348000 4.28812e-17
0.349000 3.95426e-17
0.350000 3.93602e-17
0.351000 5.27548e-17
0.352000 3.64841e-17
0.353000 3.6299e-17
0.354000 5.49039e-17
0.355000 3.75688e-17
0.356000 3.85666e-17
0.357000 4.34723e-17
0.358000 3.71961e-17
0.359000 5.24811e-17
0.360000 4.03566e-17
0.361000 3.92896e-17
0.362000 3.91599e-17
0.363000 4.59475e-17
0.364000 4.35534e-17
0.365000 6.02662e-17
0.366000 3.83563e-17
0.367000 4.20511e-17
0.368000 4.00719e-17
0.369000 4.42169e-17
0.370000 4.52095e-17
0.371000 4.25982e-17
0.372000 4.26115e-17
0.373000 3.6201e-17
0.374000 3.62756e-17
0.375000 3.73405e-17
0.376000 3.95162e-17
0.377000 4.37654e-17
0.378000 3.74367e-17
0.379000 4.84262e-17
0.380000 3.76561e-17
0.381000 3.81043e-17
0.382000 4.10438e-17
0.383000 3.87685e-17
0.384000 3.93875e-17
0.385000 3.91218e-17
0.386000 4.04742e-17
0.387000 4.55526e-17
0.388000 3.60982e-17
0.389000 3.91927e-17
0.390000 4.12198e-17
0.391000 3.86592e-17
0.392000 3.97768e-17
0.393000 3.6304e-17
0.394000 4.1628e-17
0.395000 4.38991e-17
0.396000 4.49889e-17
0.397000 3.76088e-17
0.398000 3.70549e-17
0.399000 3.68936e-17
0.400000 3.53245e-17
0.401000 3.56709e-17
0.402000 3.54668e-17
0.403000 3.56937e-17
0.404000 3.92525e-17
0.405000 4.08727e-17
0.406000 4.34344e-17
0.407000 3.82121e-17
0.408000 3.83061e-17
0.409000 3.92604e-17
0.410000 3.86648e-17
0.411000 3.7629e-17
0.412000 3.77505e-17
0.413000 3.58556e-17
0.414000 3.5828e-17
0.415000 4.25299e-17
0.416000 4.4357e-17
0.417000 3.81766e-17
0.418000 5.3964e-17
0.419000 5.89014e-17
0.420000 5.10144e-17
0.421000 4.69346e-17
0.422000 4.93655e-17
0.423000 5.67712e-17
0.424000 4.09036e-17
0.425000 5.12227e-17
0.426000 4.08054e-17
0.427000 5.28564e-17
0.428000 4.81032e-17
0.429000 5.34678e-17
0.430000 5.56498e-17
0.431000 3.94962e-17
0.432000 4.61976e-17
0.433000 4.64683e-17
0.434000 3.91328e-17
0.435000 4.93897e-17
0.436000 5.34687e-17
0.437000 3.74857e-17
0.438000 5.45074e-17
0.439000 4.43474e-17
0.440000 4.62095e-17
0.441000 5.12242e-17
0.442000 4.05145e-17
0.443000 3.91901e-17
0.444000 5.66715e-17
0.445000 4.10424e-17
0.446000 4.73901e-17
0.447000 4.88551e-17
0.448000 5.35788e-17
0.449000 4.36089e-17
0.450000 4.87461e-17
0.451000 4.50416e-17
0.452000 4.36143e-17
0.453000 5.08283e-17
0.454000 4.25612e-17
0.455000 4.21952e-17
0.456000 4.38091e-17
0.457000 4.66515e-17
0.458000 5.21482e-17
0.459000 4.18703e-17
0.460000 3.80444e-17
0.461000 4.50113e-17
0.462000 3.96772e-17
0.463000 3.89424e-17
0.464000 5.10298e-17
0.465000 3.91565e-17
0.466000 6.02035e-17
0.467000 4.35024e-17
0.468000 4.35273e-17
0.469000 4.0151e-17
0.470000 3.95394e-17
0.471000 4.59097e-17
0.472000 5.72714e-17
0.473000 5.00188e-17
0.474000 4.59494e-17
0.475000 5.51097e-17
0.476000 4.57194e-17
0.477000 4.40278e-17
0.478000 5.54462e-17
0.479000 4.08313e-17
0.480000 4.73538e-17
0.481000 5.35539e-17
0.482000 4.39058e-17
0.483000 4.60639e-17
0.484000 5.24384e-17
0.485000 4.87447e-17
0.486000 4.24779e-17
0.487000 4.00447e-17
0.488000 3.81658e-17
0.489000 3.87123e-17
0.490000 4.19105e-17
0.491000 4.4983e-17
0.492000 6.41664e-17
0.493000 5.92898e-17
0.494000 4.74678e-17
0.495000 5.72235e-17
0.496000 5.96102e-17
0.497000 4.99307e-17
0.498000 6.69157e-17
0.499000 6.60679e-17
0.500000 6.62316e-17
0.501000 6.79439e-17
0.502000 6.87894e-17
0.503000 7.54236e-17
0.504000 7.32039e-17
0.505000 7.06878e-17
0.506000 6.74132e-17
0.507000 6.59115e-17
0.508000 6.83944e-17
0.509000 6.72385e-17
0.510000 7.00344e-17
0.511000 6.54439e-17
0.512000 7.14523e-17
0.513000 6.71604e-17
0.514000 6.72367e-17
0.515000 7.09129e-17
0.516000 7.49762e-17
0.517000 8.72426e-17
0.518000 8.3961e-17
0.519000 7.39655e-17
0.520000 7.11124e-17
0.521000 6.63886e-17
0.522000 7.24367e-17
0.523000 7.5092e-17
0.524000 7.28558e-17
0.525000 6.91077e-17
0.526000 6.87576e-17
0.527000 6.86176e-17
0.528000 6.87874e-17
0.529000 6.75681e-17
0.530000 7.21183e-17
0.531000 6.58223e-17
0.532000 6.57021e-17
0.533000 6.59153e-17
0.534000 6.73912e-17
0.535000 7.10077e-17
0.536000 7.1332e-17
0.537000 7.10328e-17
0.538000 7.12044e-17
0.539000 6.70022e-17
0.540000 7.34389e-17
0.541000 8.42556e-17
0.542000 7.04046e-17
0.543000 7.64258e-17
0.544000 6.61987e-17
0.545000 6.96856e-17
0.546000 6.71809e-17
0.547000 6.74529e-17
0.548000 8.66498e-17
0.549000 6.94689e-17
0.550000 7.53955e-17
0.551000 6.33077e-17
0.552000 6.65762e-17
0.553000 6.76959e-17
0.554000 7.30555e-17
0.555000 6.68553e-17
0.556000 7.15816e-17
0.557000 7.55026e-17
0.558000 6.42088e-17
0.559000 6.5329e-17
0.560000 7.02809e-17
0.561000 6.58828e-17
0.562000 8.40448e-17
0.563000 7.07036e-17
0.564000 6.67901e-17
0.565000 6.61305e-17
0.566000 7.49249e-17
0.567000 6.40002e-17
0.568000 8.01788e-17
0.569000 7.9198e-17
0.570000 7.97085e-17
0.571000 6.86125e-17
0.572000 8.14003e-17
0.573000 6.64472e-17
0.574000 8.26253e-17
0.575000 7.07798e-17
0.576000 7.9996e-17
0.577000 6.55824e-17
0.578000 6.16891e-17
0.579000 6.53666e-17
0.580000 7.62858e-17
0.581000 8.44818e-17
0.582000 8.23118e-17
0.583000 6.46308e-17
0.584000 7.93264e-17
0.585000 6.31229e-17
0.586000 6.44377e-17
0.587000 7.48613e-17
0.588000 7.11733e-17
0.589000 6.47938e-17
0.590000 6.35105e-17
0.591000 8.40766e-17
0.592000 6.39346e-17
0.593000 6.60994e-17
0.594000 7.43671e-17
0.595000 6.25935e-17
0.596000 7.47185e-17
0.597000 6.96038e-17
0.598000 6.21105e-17
0.599000 6.28725e-17
0.600000 5.89244e-17
0.601000 6.29815e-17
0.602000 6.03493e-17
0.603000 8.12074e-17
0.604000 5.97552e-17
0.605000 5.42422e-17
0.606000 5.84519e-17
0.607000 5.50127e-17
0.608000 6.23774e-17
0.609000 5.91397e-17
0.610000 6.24654e-17
0.611000 5.46126e-17
0.612000 5.28945e-17
0.613000 5.70754e-17
0.614000 5.25431e-17
0.615000 5.74569e-17
0.616000 5.71658e-17
0.617000 5.86185e-17
0.618000 6.05152e-17
0.619000 5.96316e-17
0.620000 5.34522e-17
0.621000 5.51203e-17
0.622000 5.37332e-17
0.623000 5.67062e-17
0.624000 5.54933e-17
0.625000 5.41725e-17
0.626000 5.60374e-17
0.627000 5.85666e-17
0.628000 5.70337e-17
0.629000 5.46326e-17
0.630000 5.50938e-17
0.631000 5.42266e-17
0.632000 5.35892e-17
0.633000 5.33638e-17
0.634000 5.29735e-17
0.635000 5.62683e-17
0.636000 5.29632e-17
0.637000 5.37219e-17
0.638000 5.34224e-17
0.639000 5.45451e-17
0.640000 5.1677e-17
0.641000 5.50767e-17
0.642000 5.235e-17
0.643000 5.52679e-17
0.644000 5.48449e-17
0.645000 5.17474e-17
0.646000 5.37935e-17
0.647000 5.25744e-17
0.648000 5.31306e-17
0.649000 5.50259e-17
0.650000 5.24188e-17
0.651000 5.47486e-17
0.652000 5.33682e-17
0.653000 5.59312e-17
0.654000 6.39343e-17
0.655000 6.43654e-17
0.656000 6.06459e-17
0.657000 6.26678e-17
0.658000 6.14273e-17
0.659000 5.31591e-17
0.660000 5.75462e-17
0.661000 5.25399e-17
0.662000 5.07907e-17
0.663000 5.03716e-17
0.664000 4.98969e-17
0.665000 5.41389e-17
0.666000 5.85705e-17
0.667000 6.37645e-17
0.668000 6.20464e-17
0.669000 5.36136e-17
0.670000 5.81921e-17
0.671000 5.77605e-17
0.672000 5.32943e-17
0.673000 5.56476e-17
0.674000 7.06555e-17
0.675000 5.28676e-17
0.676000 5.50505e-17
0.677000 5.53843e-17
0.678000 5.8497e-17
0.679000 5.1684e-17
0.680000 5.35247e-17
0.681000 5.96297e-17
0.682000 5.25523e-17
0.683000 5.87145e-17
0.684000 6.71433e-17
0.685000 5.12878e-17
0.686000 5.21942e-17
0.687000 5.38179e-17
0.688000 6.03218e-17
0.689000 5.31745e-17
0.690000 6.01324e-17
0.691000 6.70856e-17
0.692000 5.27161e-17
0.693000 5.16834e-17
0.694000 4.91837e-17
0.695000 4.99667e-17
0.696000 5.56689e-17
0.697000 5.58454e-17
0.698000 5.6548e-17
0.699000 5.77586e-17
0.700000 5.05717e-17
0.701000 4.9839e-17
0.702000 5.18891e-17
0.703000 5.09614e-17
0.704000 5.19664e-17
0.705000 5.95369e-17
0.706000 5.04254e-17
0.707000 6.01133e-17
0.708000 5.05454e-17
0.709000 4.49229e-17
0.710000 4.47976e-17
0.711000 4.50052e-17
0.712000 4.50021e-17
0.713000 4.61758e-17
0.714000 4.42528e-17
0.715000 4.84831e-17
0.716000 4.70487e-17
0.717000 5.14961e-17
0.718000 4.85549e-17
0.719000 4.54923e-17
0.720000 4.98617e-17
0.721000 5.81748e-17
0.722000 6.06548e-17
0.723000 6.096e-17
0.724000 6.99613e-17
0.725000 6.02138e-17
0.726000 5.65812e-17
0.727000 5.79219e-17
0.728000 6.67927e-17
0.729000 6.06128e-17
0.730000 6.00746e-17
0.731000 6.61713e-17
0.732000 6.02732e-17
0.733000 5.9985e-17
0.734000 6.79447e-17
0.735000 6.03377e-17
0.736000 5.48313e-17
0.737000 5.78557e-17
0.738000 5.63923e-17
0.739000 5.86723e-17
0.740000 5.11695e-17
0.741000 5.3649e-17
0.742000 5.14656e-17
0.743000 5.43777e-17
0.744000 5.17254e-17
0.745000 5.22796e-17
0.746000 5.2288e-17
0.747000 5.46971e-17
0.748000 5.15673e-17
0.749000 6.08349e-17
0.750000 6.84394e-17
0.751000 6.34878e-17
0.752000 5.49142e-17
0.753000 6.6686e-17
0.754000 4.98237e-17
0.755000 5.23629e-17
0.756000 6.24739e-17
0.757000 4.94426e-17
0.758000 4.97901e-17
0.759000 5.02703e-17
0.760000 4.90597e-17
0.761000 4.67667e-17
0.762000 5.1454e-17
0.763000 5.99639e-17
0.764000 5.87592e-17
0.765000 5.76409e-17
0.766000 4.82475e-17
0.767000 5.45304e-17
0.768000 5.31577e-17
0.769000 4.93742e-17
0.770000 5.25089e-17
0.771000 5.91843e-17
0.772000 5.06992e-17
0.773000 5.1816e-17
0.774000 5.78397e-17
0.775000 7.3147e-17
0.776000 5.54652e-17
0.777000 5.51735e-17
0.778000 6.12076e-17
0.779000 5.87131e-17
0.780000 5.54383e-17
0.781000 6.27531e-17
0.782000 6.27019e-17
0.783000 5.76095e-17
0.784000 5.4539e-17
0.785000 5.43646e-17
0.786000 6.516e-17
0.787000 5.56256e-17
0.788000 5.61607e-17
0.789000 5.7198e-17
0.790000 5.01383e-17
0.791000 5.26011e-17
0.792000 5.1599e-17
0.793000 4.75949e-17
0.794000 5.35965e-17
0.795000 6.1665e-17
0.796000 5.08844e-17
0.797000 4.97467e-17
0.798000 5.7809e-17
0.799000 4.7944e-17
0.800000 4.90228e-17
0.801000 4.90791e-17
0.802000 5.59974e-17
0.803000 5.45052e-17
0.804000 5.1199e-17
0.805000 5.90437e-17
0.806000 5.22151e-17
0.807000 5.35752e-17
0.808000 5.38532e-17
0.809000 5.08232e-17
0.810000 4.85752e-17
0.811000 5.21448e-17
0.812000 5.11458e-17
0.813000 5.11449e-17
0.814000 5.35069e-17
0.815000 5.73866e-17
0.816000 6.01381e-17
0.817000 5.31612e-17
0.818000 5.86241e-17
0.819000 4.75103e-17
0.820000 4.96581e-17
0.821000 5.15705e-17
0.822000 5.25384e-17
0.823000 5.25161e-17
0.824000 5.34915e-17
0.825000 4.92695e-17
0.826000 4.75697e-17
0.827000 4.9679e-17
0.828000 6.18961e-17
0.829000 5.33626e-17
0.830000 5.39303e-17
0.831000 5.47094e-17
0.832000 5.795e-17
0.833000 5.35237e-17
0.834000 5.18892e-17
0.835000 5.23553e-17
0.836000 5.03708e-17
0.837000 4.78293e-17
0.838000 4.87747e-17
0.839000 4.89051e-17
0.840000 5.31834e-17
0.841000 5.91877e-17
0.842000 6.54008e-17
0.843000 6.22434e-17
0.844000 5.17598e-17
0.845000 5.23708e-17
0.846000 5.23582e-17
0.847000 5.65297e-17
0.848000 5.65773e-17
0.849000 5.43428e-17
0.850000 5.27721e-17
0.851000 5.19849e-17
0.852000 5.07863e-17
0.853000 4.79362e-17
0.854000 5.11743e-17
0.855000 5.37374e-17
0.856000 5.54545e-17
0.857000 5.36332e-17
0.858000 5.30217e-17
0.859000 6.69178e-17
0.860000 6.28519e-17
0.861000 6.61614e-17
0.862000 6.72868e-17
0.863000 5.58071e-17
0.864000 6.05115e-17
0.865000 6.90605e-17
0.866000 5.85777e-17
0.867000 5.5242e-17
0.868000 5.81628e-17
0.869000 5.62842e-17
0.870000 6.13351e-17
0.871000 6.41311e-17
0.872000 6.39518e-17
0.873000 6.67351e-17
0.874000 5.79227e-17
0.875000 5.85196e-17
0.876000 5.2169e-17
0.877000 5.99963e-17
0.878000 6.31554e-17
0.879000 5.58772e-17
0.880000 5.35631e-17
0.881000 5.89867e-17
0.882000 6.40614e-17
0.883000 5.59435e-17
0.884000 5.35563e-17
0.885000 6.36875e-17
0.886000 5.73715e-17
0.887000 5.68176e-17
0.888000 5.59372e-17
0.889000 6.17248e-17
0.890000 5.45159e-17
0.891000 5.45432e-17
0.892000 5.60093e-17
0.893000 6.22778e-17
0.894000 5.23138e-17
0.895000 5.21968e-17
0.896000 5.98211e-17
0.897000 6.15892e-17
0.898000 6.35288e-17
0.899000 5.34494e-17
0.900000 5.66566e-17
0.901000 6.14703e-17
0.902000 5.36079e-17
0.903000 5.472e-17
0.904000 5.31856e-17
0.905000 5.37337e-17
0.906000 5.05371e-17
0.907000 4.83232e-17
0.908000 5.68857e-17
0.909000 4.85472e-17
0.910000 5.5031e-17
0.911000 6.0905e-17
0.912000 5.25858e-17
0.913000 5.23449e-17
0.914000 5.12652e-17
0.915000 5.80312e-17
0.916000 5.84114e-17
0.917000 5.27451e-17
0.918000 5.6363e-17
0.919000 5.89436e-17
0.920000 5.21249e-17
0.921000 6.1692e-17
0.922000 6.13026e-17
0.923000 5.82916e-17
0.924000 5.87413e-17
0.925000 5.18491e-17
0.926000 5.7399e-17
0.927000 5.44956e-17
0.928000 6.06756e-17
0.929000 6.5574e-17
0.930000 6.20775e-17
0.931000 6.43643e-17
0.932000 5.53137e-17
0.933000 5.95837e-17
0.934000 6.20182e-17
0.935000 5.48114e-17
0.936000 5.16391e-17
0.937000 6.10601e-17
0.938000 5.64339e-17
0.939000 5.47354e-17
0.940000 5.64804e-17
0.941000 6.81271e-17
0.942000 7.45576e-17
0.943000 7.28236e-17
0.944000 6.91043e-17
0.945000 7.34167e-17
0.946000 6.23333e-17
0.947000 5.74656e-17
0.948000 5.37715e-17
0.949000 5.57555e-17
0.950000 5.42534e-17
0.951000 5.45526e-17
0.952000 5.48774e-17
0.953000 6.00651e-17
0.954000 6.13168e-17
0.955000 7.08699e-17
0.956000 6.34768e-17
0.957000 6.93427e-17
0.958000 6.31112e-17
0.959000 6.57631e-17
0.960000 6.66496e-17
0.961000 6.52898e-17
0.962000 6.54524e-17
0.963000 6.94295e-17
0.964000 6.53879e-17
0.965000 7.48156e-17
0.966000 6.98317e-17
0.967000 7.26182e-17
0.968000 7.51557e-17
0.969000 7.43163e-17
0.970000 7.2743e-17
0.971000 6.34361e-17
0.972000 6.69868e-17
0.973000 7.24709e-17
0.974000 7.02304e-17
0.975000 7.00833e-17
0.976000 8.21429e-17
0.977000 7.13441e-17
0.978000 7.23714e-17
0.979000 7.38244e-17
0.980000 6.80216e-17
0.981000 6.61309e-17
0.982000 7.35472e-17
0.983000 7.09654e-17
0.984000 7.00358e-17
0.985000 7.79732e-17
0.986000 7.56798e-17
0.987000 7.55103e-17
0.988000 7.13518e-17
0.989000 7.43624e-17
0.990000 7.02696e-17
0.991000 7.27443e-17
0.992000 7.52236e-17
0.993000 7.51048e-17
0.994000 7.3713e-17
0.995000 8.53447e-17
0.996000 7.20361e-17
0.997000 6.78084e-17
0.998000 7.01531e-17
0.999000 7.00248e-17
1.000000 5.24688e-17
1.001000 5.35244e-17
1.002000 5.75357e-17
1.003000 6.30453e-17
1.004000 6.31917e-17
1.005000 6.12109e-17
1.006000 6.10491e-17
1.007000 6.10238e-17
1.008000 5.35734e-17
1.009000 5.00061e-17
1.010000 5.06602e-17
1.011000 5.1127e-17
1.012000 5.06546e-17
1.013000 5.2525e-17
1.014000 5.73641e-17
1.015000 5.48992e-17
1.016000 5.94829e-17
1.017000 5.82274e-17
1.018000 7.19506e-17
1.019000 6.8445e-17
1.020000 6.33653e-17
1.021000 5.7994e-17
1.022000 6.32064e-17
1.023000 6.10842e-17
1.024000 6.07371e-17
1.025000 5.92069e-17
1.026000 6.03688e-17
1.027000 6.55117e-17
1.028000 6.1979e-17
1.029000 6.05287e-17
1.030000 6.52362e-17
1.031000 7.45413e-17
1.032000 6.65006e-17
1.033000 5.977e-17
1.034000 6.19082e-17
1.035000 6.21835e-17
1.036000 7.02064e-17
1.037000 7.71857e-17
1.038000 1.09099e-16
1.039000 1.11364e-16
1.040000 1.01596e-16
1.041000 8.97647e-17
1.042000 7.31907e-17
1.043000 7.56773e-17
1.044000 7.70207e-17
1.045000 8.79116e-17
1.046000 9.45299e-17
1.047000 8.4416e-17
1.048000 7.29576e-17
1.049000 6.83584e-17
1.050000 6.83959e-17
1.051000 6.90126e-17
1.052000 6.61356e-17
1.053000 6.19062e-17
1.054000 6.36322e-17
1.055000 6.79035e-17
1.056000 5.83201e-17
1.057000 5.7156e-17
1.058000 5.55433e-17
1.059000 5.34167e-17
1.060000 5.67816e-17
1.061000 5.88404e-17
1.062000 6.17723e-17
1.063000 6.30516e-17
1.064000 6.02213e-17
1.065000 6.23312e-17
1.066000 5.7545e-17
1.067000 5.47451e-17
1.068000 6.56633e-17
1.069000 8.42362e-17
1.070000 9.55571e-17
1.071000 7.72106e-17
1.072000 7.27384e-17
1.073000 6.30581e-17
1.074000 6.06267e-17
1.075000 5.76467e-17
1.076000 5.80575e-17
1.077000 5.56447e-17
1.078000 6.52006e-17
1.079000 7.17116e-17
1.080000 6.85261e-17
1.081000 7.20996e-17
1.082000 5.90232e-17
1.083000 5.53628e-17
1.084000 5.55378e-17
1.085000 6.1784e-17
1.086000 6.39588e-17
1.087000 6.21793e-17
1.088000 6.0104e-17
1.089000 5.80802e-17
1.090000 7.29632e-17
1.091000 6.34445e-17
1.092000 5.60971e-17
1.093000 5.08443e-17
1.094000 6.2273e-17
1.095000 5.90583e-17
1.096000 5.92033e-17
1.097000 6.30295e-17
1.098000 6.77687e-17
1.099000 6.11644e-17
1.100000 4.95114e-17
1.101000 4.81644e-17
1.102000 4.79192e-17
1.103000 5.69606e-17
1.104000 5.09342e-17
1.105000 5.75856e-17
1.106000 6.97258e-17
1.107000 7.09892e-17
1.108000 8.12985e-17
1.109000 5.66262e-17
1.110000 6.60976e-17
1.111000 6.43768e-17
1.112000 5.6204e-17
1.113000 6.37426e-17
1.114000 6.2694e-17
1.115000 6.34774e-17
1.116000 7.04395e-17
1.117000 5.99919e-17
1.118000 5.38638e-17
1.119000 4.8285e-17
1.120000 4.8124e-17
1.121000 4.97051e-17
1.122000 6.60981e-17
1.123000 6.46931e-17
1.124000 8.50221e-17
1.125000 6.02672e-17
1.126000 5.72443e-17
1.127000 6.25549e-17
1.128000 5.42354e-17
1.129000 5.0743e-17
1.130000 4.74687e-17
1.131000 5.15788e-17
1.132000 5.95895e-17
1.133000 5.16341e-17
1.134000 4.72186e-17
1.135000 4.67504e-17
1.136000 6.19679e-17
1.137000 6.05315e-17
1.138000 5.31907e-17
1.139000 5.31885e-17
1.140000 6.17272e-17
1.141000 5.33112e-17
1.142000 5.08635e-17
1.143000 5.28802e-17
1.144000 6.35113e-17
1.145000 5.81043e-17
1.146000 5.11497e-17
1.147000 4.72192e-17
1.148000 4.64467e-17
1.149000 5.50431e-17
1.150000 5.25697e-17
1.151000 5.66506e-17
1.152000 6.07256e-17
1.153000 6.40437e-17
1.154000 5.88331e-17
1.155000 4.94799e-17
1.156000 4.59722e-17
1.157000 4.47465e-17
1.158000 4.49181e-17
1.159000 5.11923e-17
1.160000 4.95839e-17
1.161000 4.92978e-17
1.162000 5.56491e-17
1.163000 4.96999e-17
1.164000 4.78643e-17
1.165000 4.39056e-17
1.166000 4.48241e-17
1.167000 4.43958e-17
1.168000 4.70069e-17
1.169000 4.44851e-17
1.170000 4.68485e-17
1.171000 4.70721e-17
1.172000 4.78346e-17
1.173000 5.33584e-17
1.174000 4.89845e-17
1.175000 4.76359e-17
1.176000 4.41031e-17
1.177000 4.34287e-17
1.178000 4.35476e-17
1.179000 4.39442e-17
1.180000 4.50115e-17
1.181000 4.62474e-17
1.182000 4.72253e-17
1.183000 4.99235e-17
1.184000 4.85426e-17
1.185000 5.15918e-17
1.186000 4.78909e-17
1.187000 4.5468e-17
1.188000 4.54612e-17
1.189000 4.54556e-17
1.190000 4.59377e-17
1.191000 4.37926e-17
1.192000 4.4816e-17
1.193000 4.41849e-17
1.194000 4.41759e-17
1.195000 4.40775e-17
1.196000 4.59303e-17
1.197000 4.54371e-17
1.198000 4.75762e-17
1.199000 4.39846e-17
1.200000 4.11855e-17
1.201000 4.11014e-17
1.202000 4.08444e-17
1.203000 4.15157e-17
1.204000 4.05353e-17
1.205000 4.17095e-17
1.206000 4.42463e-17
1.207000 4.37045e-17
1.208000 4.22121e-17
1.209000 4.06464e-17
1.210000 4.20641e-17
1.211000 4.16431e-17
1.212000 4.35491e-17
1.213000 4.16955e-17
1.214000 4.2546e-17
1.215000 4.09034e-17
1.216000 4.01856e-17
1.217000 3.97409e-17
1.218000 4.06514e-17
1.219000 4.18757e-17
1.220000 5.32479e-17
1.221000 6.45236e-17
1.222000 7.67257e-17
1.223000 7.96246e-17
1.224000 5.57439e-17
1.225000 6.92089e-17
1.226000 6.27196e-17
1.227000 5.62266e-17
1.228000 4.85762e-17
1.229000 5.10979e-17
1.230000 4.61982e-17
1.231000 4.64942e-17
1.232000 4.12811e-17
1.233000 3.9856e-17
1.234000 3.89716e-17
1.235000 3.92713e-17
1.236000 4.23336e-17
1.237000 4.79436e-17
1.238000 6.35241e-17
1.239000 5.99767e-17
1.240000 7.29052e-17
1.241000 5.00492e-17
1.242000 5.16072e-17
1.243000 5.31034e-17
1.244000 4.91773e-17
1.245000 4.48852e-17
1.246000 4.06683e-17
1.247000 4.36751e-17
1.248000 5.4439e-17
1.249000 4.71756e-17
1.250000 4.62143e-17
1.251000 4.12247e-17
1.252000 5.03962e-17
1.253000 5.12745e-17
1.254000 4.67649e-17
1.255000 4.15458e-17
1.256000 4.25463e-17
1.257000 5.15746e-17
1.258000 4.58271e-17
1.259000 4.58408e-17
1.260000 4.83982e-17
1.261000 6.23903e-17
1.262000 5.26446e-17
1.263000 4.35513e-17
1.264000 3.91259e-17
1.265000 4.0215e-17
1.266000 4.31533e-17
1.267000 5.20365e-17
1.268000 4.43937e-17
1.269000 4.36777e-17
1.270000 5.22965e-17
1.271000 4.73023e-17
1.272000 4.59619e-17
1.273000 4.1154e-17
1.274000 3.89786e-17
1.275000 3.82838e-17
1.276000 3.77327e-17
1.277000 4.04611e-17
1.278000 4.82005e-17
1.279000 4.51888e-17
1.280000 4.87923e-17
1.281000 5.4031e-17
1.282000 4.57086e-17
1.283000 4.2085e-17
1.284000 3.83872e-17
1.285000 3.99897e-17
1.286000 3.83511e-17
1.287000 3.6514e-17
1.288000 3.58863e-17
1.289000 3.72947e-17
1.290000 4.22318e-17
1.291000 3.65329e-17
1.292000 3.82946e-17
1.293000 3.72446e-17
1.294000 3.48785e-17
1.295000 3.2317e-17
1.296000 3.08956e-17
1.297000 3.07975e-17
1.298000 3.09021e-17
1.299000 3.17828e-17
1.300000 2.92083e-17
1.301000 2.90141e-17
1.302000 2.86362e-17
1.303000 3.0652e-17
1.304000 2.97848e-17
1.305000 3.2186e-17
1.306000 3.16657e-17
1.307000 3.10472e-17
1.308000 2.98045e-17
1.309000 3.01749e-17
1.310000 3.34263e-17
1.311000 3.99891e-17
1.312000 5.02348e-17
1.313000 6.20068e-17
1.314000 7.1578e-17
1.315000 7.67514e-17
1.316000 7.51567e-17
1.317000 6.75318e-17
1.318000 5.27526e-17
1.319000 5.8715e-17
1.320000 6.35469e-17
1.321000 8.07343e-17
1.322000 8.33899e-17
1.323000 7.84125e-17
1.324000 7.96283e-17
1.325000 7.55985e-17
1.326000 6.55671e-17
1.327000 6.23382e-17
1.328000 5.97939e-17
1.329000 5.04364e-17
1.330000 4.89461e-17
1.331000 4.69151e-17
1.332000 4.49915e-17
1.333000 4.72979e-17
1.334000 4.27913e-17
1.335000 4.48293e-17
1.336000 3.99832e-17
1.337000 3.88452e-17
1.338000 3.68301e-17
1.339000 3.62401e-17
1.340000 3.72846e-17
1.341000 3.64363e-17
1.342000 3.6463e-17
1.343000 3.68301e-17
1.344000 3.80418e-17
1.345000 3.79631e-17
1.346000 3.76649e-17
1.347000 3.70442e-17
1.348000 3.79181e-17
1.349000 5.01458e-17
1.350000 5.87073e-17
1.351000 9.29066e-17
1.352000 5.90852e-17
1.353000 5.47462e-17
1.354000 6.31093e-17
1.355000 4.62283e-17
1.356000 4.24778e-17
1.357000 4.19183e-17
1.358000 4.4595e-17
1.359000 4.05366e-17
1.360000 3.76968e-17
1.361000 3.54091e-17
1.362000 3.73471e-17
1.363000 3.91488e-17
1.364000 3.75856e-17
1.365000 3.75696e-17
1.366000 4.14695e-17
1.367000 5.69533e-17
1.368000 6.25371e-17
1.369000 8.00322e-17
1.370000 6.63562e-17
1.371000 4.4825e-17
1.372000 4.36455e-17
1.373000 4.55435e-17
1.374000 4.4385e-17
1.375000 4.2192e-17
1.376000 3.9315e-17
1.377000 4.22135e-17
1.378000 5.29123e-17
1.379000 4.31335e-17
1.380000 3.98638e-17
1.381000 3.502e-17
1.382000 3.65805e-17
1.383000 4.90001e-17
1.384000 4.49445e-17
1.385000 4.32574e-17
1.386000 3.92116e-17
1.387000 4.12927e-17
1.388000 4.78146e-17
1.389000 4.5052e-17
1.390000 4.02498e-17
1.391000 3.92962e-17
1.392000 5.0322e-17
1.393000 4.54114e-17
1.394000 5.02928e-17
1.395000 4.12436e-17
1.396000 4.15807e-17
1.397000 3.9749e-17
1.398000 4.6989e-17
1.399000 4.58987e-17
1.400000 5.16549e-17
1.401000 5.00626e-17
1.402000 5.8834e-17
1.403000 5.85613e-17
1.404000 5.2452e-17
1.405000 4.78038e-17
1.406000 4.82087e-17
1.407000 4.56311e-17
1.408000 4.93629e-17
1.409000 4.9141e-17
1.410000 6.25913e-17
1.411000 6.24141e-17
1.412000 5.31628e-17
1.413000 5.13934e-17
1.414000 5.93203e-17
1.415000 4.99135e-17
1.416000 4.71878e-17
1.417000 4.17694e-17
1.418000 4.06657e-17
1.419000 4.37102e-17
1.420000 4.21933e-17
1.421000 4.48989e-17
1.422000 4.24326e-17
1.423000 4.34765e-17
1.424000 4.97355e-17
1.425000 4.37988e-17
1.426000 4.75254e-17
1.427000 5.39388e-17
1.428000 4.66121e-17
1.429000 4.84154e-17
1.430000 4.23032e-17
1.431000 4.5545e-17
1.432000 4.77053e-17
1.433000 4.62034e-17
1.434000 4.57745e-17
1.435000 4.30299e-17
1.436000 4.68053e-17
1.437000 4.61532e-17
1.438000 5.20102e-17
1.439000 4.95262e-17
1.440000 4.89662e-17
1.441000 5.49012e-17
1.442000 4.64855e-17
1.443000 4.41842e-17
1.444000 4.15868e-17
1.445000 4.31622e-17
1.446000 4.61122e-17
1.447000 4.97551e-17
1.448000 4.76558e-17
1.449000 4.67414e-17
1.450000 4.51551e-17
1.451000 4.32786e-17
1.452000 4.23525e-17
1.453000 4.27791e-17
1.454000 4.98749e-17
1.455000 5.27098e-17
1.456000 5.75054e-17
1.457000 5.76727e-17
1.458000 4.92335e-17
1.459000 4.77794e-17
1.460000 4.52763e-17
1.461000 4.22451e-17
1.462000 4.17686e-17
1.463000 3.99139e-17
1.464000 3.95989e-17
1.465000 3.99014e-17
1.466000 3.92435e-17
1.467000 3.96809e-17
1.468000 3.99658e-17
1.469000 4.01537e-17
1.470000 4.10578e-17
1.471000 4.36287e-17
1.472000 4.68506e-17
1.473000 5.06499e-17
1.474000 5.90273e-17
1.475000 5.1409e-17
1.476000 4.92304e-17
1.477000 4.50727e-17
1.478000 4.41043e-17
1.479000 4.40528e-17
1.480000 4.6376e-17
1.481000 4.78867e-17
1.482000 4.55103e-17
1.483000 4.39963e-17
1.484000 4.46056e-17
1.485000 4.31157e-17
1.486000 4.217e-17
1.487000 4.09209e-17
1.488000 4.10609e-17
1.489000 4.07607e-17
1.490000 4.58372e-17
1.491000 4.74521e-17
1.492000 5.35886e-17
1.493000 5.17821e-17
1.494000 4.8045e-17
1.495000 5.07267e-17
1.496000 6.71337e-17
1.497000 8.88549e-17
1.498000 1.43013e-16
1.499000 1.00783e-16
1.500000 1.26142e-16
1.501000 7.75009e-17
1.502000 8.02952e-17
1.503000 6.75467e-17
1.504000 8.71224e-17
1.505000 9.17936e-17
1.506000 6.49457e-17
1.507000 7.3815e-17
1.508000 6.79922e-17
1.509000 7.31539e-17
1.510000 6.13577e-17
1.511000 7.39979e-17
1.512000 7.53854e-17
1.513000 7.74367e-17
1.514000 1.12563e-16
1.515000 9.26796e-17
1.516000 8.67431e-17
1.517000 1.03822e-16
1.518000 6.58459e-17
1.519000 5.96322e-17
1.520000 6.00547e-17
1.521000 6.57949e-17
1.522000 7.02123e-17
1.523000 6.3578e-17
1.524000 5.294e-17
1.525000 5.61886e-17
1.526000 6.72939e-17
1.527000 8.26635e-17
1.528000 7.72213e-17
1.529000 5.54459e-17
1.530000 5.67617e-17
1.531000 6.69827e-17
1.532000 8.20082e-17
1.533000 7.24129e-17
1.534000 7.59422e-17
1.535000 6.57658e-17
1.536000 7.61201e-17
1.537000 7.48668e-17
1.538000 6.06633e-17
1.539000 5.74623e-17
1.540000 5.31519e-17
1.541000 6.58336e-17
1.542000 7.61188e-17
1.543000 6.47871e-17
1.544000 5.60335e-17
1.545000 5.79743e-17
1.546000 5.65289e-17
1.547000 6.83446e-17
1.548000 7.49627e-17
1.549000 7.05356e-17
1.550000 6.14158e-17
1.551000 6.58964e-17
1.552000 6.5738e-17
1.553000 9.15283e-17
1.554000 6.62101e-17
1.555000 6.74969e-17
1.556000 5.92554e-17
1.557000 6.52656e-17
1.558000 6.25877e-17
1.559000 6.10808e-17
1.560000 5.15009e-17
1.561000 5.51865e-17
1.562000 6.51698e-17
1.563000 5.51874e-17
1.564000 6.84115e-17
1.565000 6.27803e-17
1.566000 8.27008e-17
1.567000 6.24949e-17
1.568000 6.16081e-17
1.569000 5.31266e-17
1.570000 4.98769e-17
1.571000 5.39379e-17
1.572000 5.43004e-17
1.573000 5.40209e-17
1.574000 4.98636e-17
1.575000 5.03556e-17
1.576000 5.46041e-17
1.577000 5.83504e-17
1.578000 5.34865e-17
1.579000 5.70721e-17
1.580000 6.78153e-17
1.581000 6.72134e-17
1.582000 6.883e-17
1.583000 6.1622e-17
1.584000 5.86523e-17
1.585000 5.33687e-17
1.586000 5.46605e-17
1.587000 4.90792e-17
1.588000 5.38631e-17
1.589000 5.80942e-17
1.590000 6.99744e-17
1.591000 8.41021e-17
1.592000 7.73809e-17
1.593000 9.3127e-17
1.594000 7.15187e-17
1.595000 7.41441e-17
1.596000 8.65943e-17
1.597000 7.81105e-17
1.598000 7.39047e-17
1.599000 7.50467e-17
1.600000 9.04357e-17
1.601000 1.22294e-16
1.602000 9.15524e-17
1.603000 9.20773e-17
1.604000 9.33824e-17
1.605000 9.10802e-17
1.606000 9.90261e-17
1.607000 1.18083e-16
1.608000 9.89096e-17
1.609000 1.04362e-16
1.610000 9.85141e-17
1.611000 1.21544e-16
1.612000 1.13227e-16
1.613000 1.09579e-16
1.614000 1.06883e-16
1.615000 8.66879e-17
1.616000 8.92991e-17
1.617000 7.87026e-17
1.618000 7.66344e-17
1.619000 7.16455e-17
1.620000 7.07143e-17
1.621000 6.91173e-17
1.622000 7.32688e-17
1.623000 7.45731e-17
1.624000 8.13892e-17
1.625000 1.00993e-16
1.626000 1.23713e-16
1.627000 1.31776e-16
1.628000 1.72622e-16
1.629000 1.07652e-16
1.630000 1.24521e-16
1.631000 1.19372e-16
1.632000 1.26103e-16
1.633000 1.47567e-16
1.634000 1.10862e-16
1.635000 1.21529e-16
1.636000 1.56585e-16
1.637000 2.05056e-16
1.638000 1.04883e-15
1.639000 0
1.640000 0
1.641000 0
1.642000 0
1.643000 0
1.644000 0
1.645000 0
1.646000 0
1.647000 0
1.648000 0
1.649000 0
1.650000 0
1.651000 0
1.652000 0
1.653000 0
1.654000 0
1.655000 0
1.656000 0
1.657000 0
1.658000 0
1.659000 0
1.660000 0
1.661000 0
1.662000 0
1.663000 0
1.664000 0
1.665000 0
1.666000 0
1.667000 0
1.668000 0
1.669000 0
1.670000 0
1.671000 0
1.672000 0
1.673000 0
1.674000 0
1.675000 0
1.676000 0
1.677000 0
1.678000 0
1.679000 0
1.680000 0
1.681000 0
1.682000 0
1.683000 0
1.684000 0
1.685000 0
1.686000 0
1.687000 0
1.688000 0
1.689000 0
1.690000 0
1.691000 0
1.692000 0
1.693000 0
1.694000 0
1.695000 0
1.696000 0
1.697000 0
1.698000 0
1.699000 0
1.700000 0
