# lambda pass
#
# Units:
#  "lambda" is in Angstroms
#  "pass" is the contribution to the detector signal per photon
#
# Bandpass Name(s): i
#
# Instrument: CTIO/DECam
#
# Determined by: William Wester
#
# Date of determination: 2014 Apr 18
#
# Notes: response function including total system throughput
# (presumably, filter+QE+telescope optics) and atmosphere as obtained
# from Eli Rykoff (Stanford).
#
# J. Moustakas, 2014-Jun-08, Siena
#
 6500     0.00009 
 6510     0.00012 
 6520     0.00006 
 6530     0.00009 
 6540     0.00011 
 6550     0.00012 
 6560     0.00013 
 6570     0.00016 
 6580     0.00019 
 6590     0.00017 
 6600     0.00018 
 6610     0.00019 
 6620     0.00019 
 6630     0.00018 
 6640     0.00018 
 6650     0.00019 
 6660     0.00019 
 6670     0.00025 
 6680     0.00030 
 6690     0.00035 
 6700     0.00030 
 6710     0.00032 
 6720     0.00033 
 6730     0.00214 
 6740     0.00396 
 6750     0.00222 
 6760     0.00047 
 6770     0.00056 
 6780     0.00064 
 6790     0.00072 
 6800     0.00080 
 6810     0.00087 
 6820     0.00095 
 6830     0.00106 
 6840     0.00117 
 6850     0.00133 
 6860     0.00148 
 6870     0.00145 
 6880     0.00170 
 6890     0.00250 
 6900     0.00233 
 6910     0.00273 
 6920     0.00312 
 6930     0.00379 
 6940     0.00443 
 6950     0.00577 
 6960     0.00711 
 6970     0.01045 
 6980     0.01363 
 6990     0.04628 
 7000     0.03292 
 7010     0.04638 
 7020     0.06010 
 7030     0.08735 
 7040     0.11407 
 7050     0.15083 
 7060     0.18851 
 7070     0.23260 
 7080     0.27654 
 7090     0.35156 
 7100     0.35919 
 7110     0.39753 
 7120     0.43618 
 7130     0.45949 
 7140     0.48335 
 7150     0.49618 
 7160     0.50821 
 7170     0.49859 
 7180     0.49527 
 7190     0.49170 
 7200     0.48666 
 7210     0.50827 
 7220     0.51965 
 7230     0.51573 
 7240     0.50363 
 7250     0.50804 
 7260     0.50948 
 7270     0.51420 
 7280     0.51440 
 7290     0.51975 
 7300     0.51905 
 7310     0.51644 
 7320     0.52598 
 7330     0.53199 
 7340     0.53420 
 7350     0.53279 
 7360     0.52988 
 7370     0.53243 
 7380     0.53650 
 7390     0.53837 
 7400     0.54449 
 7410     0.54652 
 7420     0.54856 
 7430     0.55021 
 7440     0.55110 
 7450     0.55152 
 7460     0.55117 
 7470     0.55079 
 7480     0.55117 
 7490     0.54956 
 7500     0.55204 
 7510     0.55295 
 7520     0.55310 
 7530     0.55329 
 7540     0.55425 
 7550     0.55354 
 7560     0.55283 
 7570     0.55163 
 7580     0.54967 
 7590     0.50813 
 7600     0.22760 
 7610     0.20224 
 7620     0.36122 
 7630     0.31158 
 7640     0.33663 
 7650     0.39419 
 7660     0.46423 
 7670     0.50028 
 7680     0.52359 
 7690     0.53739 
 7700     0.54703 
 7710     0.55104 
 7720     0.55203 
 7730     0.55371 
 7740     0.55464 
 7750     0.55667 
 7760     0.55793 
 7770     0.55897 
 7780     0.56000 
 7790     0.55949 
 7800     0.55898 
 7810     0.55964 
 7820     0.55955 
 7830     0.55919 
 7840     0.55884 
 7850     0.55819 
 7860     0.55754 
 7870     0.55577 
 7880     0.55400 
 7890     0.54919 
 7900     0.54668 
 7910     0.54643 
 7920     0.54523 
 7930     0.54367 
 7940     0.54359 
 7950     0.53970 
 7960     0.53214 
 7970     0.53289 
 7980     0.53584 
 7990     0.53698 
 8000     0.53664 
 8010     0.53771 
 8020     0.53879 
 8030     0.54128 
 8040     0.54603 
 8050     0.54520 
 8060     0.54846 
 8070     0.56254 
 8080     0.55078 
 8090     0.54615 
 8100     0.54234 
 8110     0.53812 
 8120     0.53708 
 8130     0.52716 
 8140     0.53044 
 8150     0.52817 
 8160     0.51892 
 8170     0.52193 
 8180     0.52258 
 8190     0.52182 
 8200     0.52843 
 8210     0.53650 
 8220     0.52609 
 8230     0.50479 
 8240     0.51870 
 8250     0.52670 
 8260     0.52721 
 8270     0.52771 
 8280     0.52316 
 8290     0.52818 
 8300     0.53471 
 8310     0.53992 
 8320     0.54708 
 8330     0.55579 
 8340     0.54913 
 8350     0.55017 
 8360     0.54446 
 8370     0.53950 
 8380     0.54519 
 8390     0.54641 
 8400     0.54532 
 8410     0.54750 
 8420     0.54425 
 8430     0.55423 
 8440     0.55030 
 8450     0.56301 
 8460     0.55350 
 8470     0.57298 
 8480     0.28538 
 8490     0.55304 
 8500     0.56697 
 8510     0.55553 
 8520     0.56032 
 8530     0.49049 
 8540     0.47954 
 8550     0.33257 
 8560     0.31565 
 8570     0.16510 
 8580     0.16244 
 8590     0.06654 
 8600     0.06245 
 8610     0.02343 
 8620     0.02357 
 8630     0.00865 
 8640     0.00899 
 8650     0.00377 
 8660     0.00348 
 8670     0.00156 
 8680     0.00143 
 8690     0.00130 
 8700     0.00276 
 8710     0.00092 
 8720     0.00092 
 8730     0.00093 
 8740     0.00061 
 8750     0.00044 
 8760     0.00048 
 8770     0.00052 
 8780     0.00038 
 8790     0.00024 
 8800     0.00059 
 8810     0.00064 
 8820     0.00061 
 8830     0.00057 
 8840     0.00053 
 8850     0.00032 
 8860     0.00039 
 8870     0.00047 
 8880     0.00052 
 8890     0.00049 
 8900     0.00047 
 8910     0.00032 
 8920     0.00032 
 8930     0.00032 
 8940     0.00033 
 8950     0.00039 
 8960     0.00045 
 8970     0.00045 
 8980     0.00044 
 8990     0.00056 
 9000     0.00068 
