# lambda pass
#
# Units:
#  "lambda" is in Angstroms
#  "pass" is the contribution to the detector signal per photon
#
# Bandpass Name(s): W2
#
# Instrument: WISE
#
# Determined by: WISE team
#
# Date of determination: sometime before 2009-Aug-04
#
# Meaning of/Reason for default column: Only column available
#
# Notes:
#  Obtained from the web site
#   http://www.astro.ucla.edu/~wright/WISE/passbands.html
#
# Mike Blanton, NYU 2011-Apr-11
#
 25300.000 3.81500e-09  
 25400.000 1.45400e-06  
 25500.000 1.95200e-07  
 25600.000 4.02100e-07  
 25700.000 5.97800e-07  
 25800.000 4.58100e-07  
 25900.000 1.59500e-06  
 26000.000 2.97400e-07  
 26099.998 1.15600e-07  
 26199.998 1.22800e-07  
 26300.002 9.67900e-08  
 26400.002 1.38700e-11  
 26500.000 7.73900e-12  
 26600.000 4.18000e-08  
 26700.000 7.55400e-08  
 26800.000 9.13100e-08  
 26900.000 4.34400e-08  
 27000.000 1.12900e-07  
 27100.000 8.13300e-08  
 27200.000 2.60800e-07  
 27300.000 7.12200e-08  
 27400.000 6.29900e-08  
 27500.000 4.36600e-08  
 27600.000 3.31200e-08  
 27700.000 6.05400e-08  
 27800.000 3.12800e-08  
 27900.000 7.59200e-08  
 28000.000 3.75000e-08  
 28100.000 3.86500e-08  
 28200.000 3.72700e-08  
 28300.000 3.87500e-08  
 28400.000 4.46400e-08  
 28500.000 4.46500e-08  
 28599.998 1.06100e-07  
 28699.998 3.69700e-08  
 28800.002 3.17400e-08  
 28900.002 1.89300e-08  
 29000.000 3.16900e-08  
 29100.000 1.71300e-08  
 29200.000 1.79200e-08  
 29300.000 1.69300e-08  
 29400.000 6.87400e-08  
 29500.000 6.54800e-09  
 29600.000 4.52000e-08  
 29700.000 5.66200e-09  
 29800.000 2.81100e-09  
 29900.000 1.75800e-09  
 30000.000 9.50100e-10  
 30100.000 2.19700e-17  
 30200.000 1.07200e-09  
 30300.000 1.62300e-09  
 30400.000 1.26000e-09  
 30500.000 1.75600e-09  
 30600.000 1.07700e-09  
 30700.000 1.21100e-09  
 30800.000 1.13800e-08  
 30900.000 3.87700e-10  
 31000.000 1.03700e-08  
 31099.998 8.53200e-10  
 31199.998 1.04500e-10  
 31300.002 6.19500e-15  
 31400.002 7.01400e-18  
 31500.000 1.31500e-14  
 31600.000 1.72200e-14  
 31700.000 4.59300e-10  
 31800.000 3.21700e-14  
 31900.000 5.84100e-17  
 32000.000 1.59200e-14  
 32100.000 3.20400e-09  
 32200.000 4.09100e-09  
 32300.000 5.90300e-09  
 32400.000 2.09500e-08  
 32500.000 6.13400e-09  
 32600.000 6.73300e-09  
 32700.000 5.47600e-09  
 32800.000 4.99400e-09  
 32900.000 5.97300e-09  
 33000.000 2.54400e-09  
 33100.000 1.26800e-13  
 33200.000 1.42800e-13  
 33300.000 3.04000e-13  
 33400.000 4.68100e-13  
 33500.000 4.73600e-13  
 33600.000 6.34400e-13  
 33700.000 5.57000e-13  
 33800.000 9.50400e-13  
 33900.000 6.95600e-13  
 34000.000 1.01900e-12  
 34100.000 8.62700e-13  
 34200.000 1.19900e-12  
 34300.000 1.35300e-08  
 34400.000 1.35000e-08  
 34500.000 4.55200e-08  
 34600.000 6.34300e-08  
 34700.000 8.75300e-08  
 34800.000 7.25800e-08  
 34900.000 4.31200e-07  
 35000.000 1.07000e-07  
 35100.000 1.38800e-07  
 35200.000 1.24800e-07  
 35300.000 1.35600e-07  
 35400.000 1.17600e-07  
 35500.000 2.02500e-07  
 35600.000 3.21300e-07  
 35700.000 2.01000e-06  
 35800.000 5.58300e-07  
 35900.000 8.22400e-07  
 36000.000 6.56200e-07  
 36100.000 1.13300e-06  
 36200.000 1.17000e-06  
 36300.000 1.37100e-06  
 36400.000 1.06700e-06  
 36500.000 1.07000e-06  
 36600.000 6.88800e-07  
 36700.000 1.19200e-06  
 36800.000 4.19800e-10  
 36900.000 1.14800e-08  
 37000.000 1.13700e-08  
 37100.000 1.43800e-08  
 37200.000 2.67300e-08  
 37300.000 3.36900e-08  
 37400.000 4.70900e-08  
 37500.000 1.17000e-07  
 37600.000 8.64900e-08  
 37700.000 1.24000e-07  
 37800.000 3.03000e-07  
 37900.000 3.58300e-07  
 38000.000 1.29900e-06  
 38100.000 2.10900e-06  
 38200.000 3.55700e-06  
 38300.000 4.67000e-06  
 38400.000 6.96300e-06  
 38500.000 1.16000e-05  
 38600.000 1.83300e-05  
 38700.000 2.13000e-05  
 38800.000 4.55900e-05  
 38900.000 9.74100e-05  
 39000.000 0.000138700  
 39100.000 0.000200000  
 39200.000 0.000372800  
 39300.000 0.000506200  
 39400.000 0.000391900  
 39500.000 0.00116300 
 39600.000 0.00818800 
 39700.000 0.0101200  
 39800.000 0.0127600  
 39900.000 0.0163800  
 40000.000 0.0213700  
 40100.004 0.0300500  
 40200.000 0.0440200  
 40300.004 0.0651700  
 40400.000 0.0953100  
 40500.000 0.135700  
 40600.000 0.193700  
 40700.000 0.263600  
 40800.000 0.340700  
 40900.000 0.422700  
 41000.000 0.502800  
 41100.000 0.572900  
 41200.000 0.630000  
 41300.000 0.676000  
 41400.000 0.709000  
 41500.000 0.728000  
 41600.000 0.741000  
 41700.000 0.748000  
 41800.000 0.750000  
 41900.000 0.748000  
 42000.000 0.745000  
 42100.000 0.739000  
 42199.996 0.732000  
 42300.000 0.725000  
 42399.996 0.724000  
 42500.000 0.725000  
 42600.004 0.724000  
 42700.000 0.720000  
 42800.004 0.718000  
 42900.000 0.719000  
 43000.000 0.723000  
 43100.000 0.727000  
 43200.000 0.731000  
 43300.000 0.733000  
 43400.000 0.734000  
 43500.000 0.733000  
 43600.000 0.729000  
 43700.000 0.725000  
 43800.000 0.719000  
 43900.000 0.711000  
 44000.000 0.704000  
 44100.000 0.698000  
 44200.000 0.692000  
 44300.000 0.688000  
 44400.000 0.683000  
 44500.000 0.680000  
 44600.000 0.679000  
 44699.996 0.681000  
 44800.000 0.686000  
 44899.996 0.693000  
 45000.000 0.701000  
 45100.004 0.711000  
 45200.000 0.719000  
 45300.004 0.728000  
 45400.000 0.735000  
 45500.000 0.740000  
 45600.000 0.744000  
 45700.000 0.746000  
 45800.000 0.747000  
 45900.000 0.745000  
 46000.000 0.742000  
 46100.000 0.738000  
 46200.000 0.732000  
 46300.000 0.726000  
 46400.000 0.719000  
 46500.000 0.712000  
 46600.000 0.705000  
 46700.000 0.701000  
 46800.000 0.697000  
 46900.000 0.695000  
 47000.000 0.693000  
 47100.000 0.694000  
 47199.996 0.696000  
 47300.000 0.699000  
 47399.996 0.705000  
 47500.000 0.709000  
 47600.004 0.715000  
 47700.000 0.719000  
 47800.004 0.722000  
 47900.000 0.722000  
 48000.000 0.722000  
 48100.000 0.720000  
 48200.000 0.718000  
 48300.000 0.717000  
 48400.000 0.715000  
 48500.000 0.714000  
 48600.000 0.713000  
 48700.000 0.712000  
 48800.000 0.712000  
 48900.000 0.712000  
 49000.000 0.712000  
 49100.000 0.711000  
 49200.000 0.711000  
 49300.000 0.710000  
 49400.000 0.708000  
 49500.000 0.705000  
 49600.000 0.702000  
 49699.996 0.698000  
 49800.000 0.693000  
 49899.996 0.688000  
 50000.000 0.680000  
 50100.004 0.673000  
 50200.000 0.664000  
 50300.004 0.655000  
 50400.000 0.646000  
 50500.000 0.637000  
 50600.000 0.628000  
 50700.000 0.619000  
 50800.000 0.611000  
 50900.000 0.603000  
 51000.000 0.595000  
 51100.000 0.585000  
 51200.000 0.575000  
 51300.000 0.560000  
 51400.000 0.544000  
 51500.000 0.519000  
 51600.000 0.493000  
 51700.000 0.458000  
 51800.000 0.419000  
 51900.000 0.375000  
 52000.000 0.326900  
 52100.000 0.279900  
 52199.996 0.232800  
 52300.000 0.189800  
 52399.996 0.150700  
 52500.000 0.116700  
 52600.004 0.0901400  
 52700.000 0.0659200  
 52800.004 0.0503400  
 52900.000 0.0352100  
 53000.000 0.0269100  
 53100.000 0.0186600  
 53200.000 0.0138700  
 53300.000 0.00965200  
 53400.000 0.00684000  
 53500.000 0.00473500  
 53600.000 0.00264200  
 53700.000 0.00198700  
 53800.000 0.00148100  
 53900.000 0.00112600  
 54000.000 0.000835700  
 54100.000 0.000629500  
 54200.000 0.000477100  
 54300.000 0.000353800  
 54400.000 0.000251600  
 54500.000 0.000198800  
 54600.000 0.000138100  
 54699.996 0.000178300  
 54800.000 0.000201400  
 54899.996 0.000199900  
 55000.000 0.000165000  
 55100.004 0.000143000  
 55200.000 0.000123900  
 55300.004 9.50200e-05  
 55400.000 8.42400e-05  
 55500.000 6.57400e-05  
 55600.000 3.81000e-05  
 55700.000 3.60500e-05  
 55800.000 2.99700e-05  
 55900.000 2.23500e-05  
 56000.000 1.74300e-05  
 56100.000 8.03200e-06  
 56200.000 1.14400e-05  
 56300.000 1.10400e-05  
 56400.000 7.08400e-06  
 56500.000 5.87600e-06  
 56600.000 4.44600e-06  
 56700.000 1.85300e-06  
 56800.000 5.07200e-08  
 56900.000 1.16800e-07  
 57000.000 1.01600e-07  
 57100.000 1.63000e-05  
 57199.996 3.00000e-05  
 57300.000 1.98600e-08  
 57399.996 2.19600e-08  
 57500.000 8.40100e-08  
 57600.004 1.19500e-07  
 57700.000 2.68000e-05  
 57800.004 9.12300e-09  
 57900.000 3.67000e-05  
 58000.000 3.17000e-05  
 58100.000 2.85000e-05  
 58200.000 1.73300e-08  
 58300.000 2.67000e-05  
 58400.000 3.26000e-05  
 58500.000 1.69100e-08  
 58600.000 3.22000e-05  
 58700.000 2.45000e-05  
 58800.000 1.72000e-05  
 58900.000 7.73000e-06  
 59000.000 5.87000e-06  
 59100.000 4.46000e-06  
 59200.000 3.19000e-06  
 59300.000 2.54000e-06  
 59400.000 2.27000e-06  
 59500.000 2.09000e-06  
 59600.000 1.90000e-06  
 59699.996 9.70200e-07  
 59800.000 7.50000e-07  
 59899.996 6.64400e-07  
 60000.000 5.95400e-07  
 60100.004 6.48900e-07  
 60200.000 5.37000e-07  
 60300.004 4.28800e-07  
 60400.000 3.30900e-07  
 60500.000 2.65000e-07  
 60600.000 2.28600e-07  
 60700.000 2.16600e-07  
 60800.000 2.12800e-07  
 60900.000 2.25800e-07  
 61000.000 2.32500e-07  
 61100.000 2.46600e-07  
 61200.000 2.55600e-07  
 61300.000 2.55600e-07  
 61400.000 2.54500e-07  
 61500.000 2.39900e-07  
 61600.000 2.42500e-07  
 61700.000 2.27100e-07  
 61800.000 2.02000e-07  
 61900.000 1.89000e-07  
 62000.000 1.84100e-07  
 62100.000 1.73100e-07  
 62199.996 1.76000e-07  
 62300.000 1.87600e-07  
 62399.996 1.97500e-07  
 62500.000 2.04100e-07  
 62600.004 2.36200e-07  
 62700.000 2.25100e-07  
 62800.004 2.34900e-07  
 62900.000 2.19800e-07  
 63000.000 2.07000e-07  
 63100.000 1.94600e-07  
 63200.000 1.80800e-07  
 63300.000 1.89000e-07  
 63400.000 2.08800e-07  
 63500.000 2.20700e-07  
 63600.000 2.21900e-07  
 63700.000 2.09700e-07  
 63800.000 2.27300e-07  
 63900.000 2.30400e-07  
 64000.000 2.25200e-07  
 64100.000 2.23700e-07  
 64200.000 2.28400e-07  
 64300.000 2.28200e-07  
 64400.000 2.23600e-07  
 64500.000 2.36100e-07  
 64600.000 2.24200e-07  
 64699.996 2.19400e-07  
 64800.000 2.13700e-07  
 64899.996 2.11400e-07  
 65000.000 2.06300e-07  
 65100.004 2.01100e-07  
 65200.000 1.98200e-07  
 65300.004 2.01000e-07  
 65400.000 1.93600e-07  
 65500.000 1.80500e-07  
 65600.000 1.67900e-07  
 65700.000 1.53300e-07  
 65800.000 1.42500e-07  
 65900.000 1.33500e-07  
 66000.000 1.21800e-07  
 66100.000 1.12200e-07  
 66200.000 1.07600e-07  
 66300.000 1.00200e-07  
 66400.000 1.07700e-07  
 66500.000 1.13800e-07  
 66600.000 1.23200e-07  
 66700.000 1.32300e-07  
 66800.000 1.37100e-07  
 66900.000 1.45400e-07  
 67000.000 1.45100e-07  
 67100.000 1.43200e-07  
 67200.000 1.15100e-07  
 67300.000 1.40000e-07  
 67400.000 1.38400e-07  
 67500.000 1.37400e-07  
 67600.000 1.34300e-07  
 67700.000 1.30600e-07  
 67800.000 1.03500e-07  
 67900.000 1.05600e-07  
 68000.000 1.17200e-07  
 68100.000 1.14800e-07  
 68200.000 1.00900e-07  
 68300.000 9.14800e-08  
 68400.000 9.70700e-08  
 68500.000 9.04900e-08  
 68600.000 8.16900e-08  
 68700.000 7.70500e-08  
 68800.000 7.57300e-08  
 68900.000 7.85300e-08  
 69000.000 8.10700e-08  
 69100.000 8.16700e-08  
 69200.000 7.80000e-08  
 69300.000 7.86300e-08  
 69400.000 8.00100e-08  
 69500.000 7.64600e-08  
 69600.000 8.19000e-08  
 69700.000 8.51500e-08  
 69800.000 9.89400e-08  
 69900.000 1.00900e-07  
 70000.000 8.99800e-08  
 70100.000 9.32400e-08  
 70200.000 8.87600e-08  
 70300.000 1.02600e-07  
 70400.000 9.84800e-08  
 70500.000 7.75000e-08  
 70600.000 7.82600e-08  
 70700.000 9.17400e-08  
 70800.000 9.07300e-08  
 70900.000 7.08900e-08  
 71000.000 8.78900e-08  
 71100.000 8.62800e-08  
 71200.000 8.46000e-08  
 71300.000 8.16000e-08  
 71400.000 5.71500e-08  
 71500.000 7.66800e-08  
 71600.000 7.42800e-08  
 71700.000 7.41700e-08  
 71800.000 6.22400e-08  
 71900.000 6.23800e-08  
 72000.000 6.36800e-08  
 72100.000 6.29200e-08  
 72200.000 5.75900e-08  
 72300.000 5.17300e-08  
 72400.000 5.64200e-08  
 72500.000 5.82600e-08  
 72600.000 5.75100e-08  
 72700.000 5.71400e-08  
 72800.000 5.82100e-08  
 72900.000 6.17000e-08  
 73000.000 6.40700e-08  
 73100.000 6.58000e-08  
 73200.000 6.83400e-08  
 73300.000 6.64700e-08  
 73400.000 6.35100e-08  
 73500.000 8.18800e-08  
 73600.000 8.19800e-08  
 73700.000 8.26800e-08  
 73800.000 6.87700e-08  
 73900.000 8.33900e-08  
 74000.000 8.23700e-08  
 74100.000 5.35200e-08  
 74200.000 7.11100e-08  
 74300.000 7.32700e-08  
 74400.000 7.15100e-08  
 74500.000 6.23000e-08  
 74600.000 6.53700e-08  
 74700.000 6.82600e-08  
 74800.000 6.41600e-08  
 74900.000 5.96300e-08  
 75000.000 7.33400e-08  
 75100.000 7.20200e-08  
 75200.000 7.15500e-08  
 75300.000 5.89600e-08  
 75400.000 5.47300e-08  
 75500.000 6.83300e-08  
 75600.000 5.56300e-08  
 75700.000 5.53000e-08  
 75800.000 4.99800e-08  
 75900.000 5.19300e-08  
 76000.000 5.19200e-08  
 76100.000 4.80000e-08  
 76200.000 4.15600e-08  
 76300.000 4.37900e-08  
 76400.000 4.52000e-08  
 76500.000 4.33000e-08  
 76600.000 4.18800e-08  
 76700.000 4.16200e-08  
 76800.000 4.19800e-08  
 76900.000 4.01300e-08  
 77000.000 3.63600e-08  
 77100.000 3.29300e-08  
 77200.000 5.06300e-08  
 77300.000 5.15200e-08  
 77400.000 5.26500e-08  
 77500.000 5.37800e-08  
 77600.000 5.49500e-08  
 77700.000 4.44100e-08  
 77800.000 4.36300e-08  
 77900.000 5.94900e-08  
 78000.000 4.82300e-08  
 78100.000 5.04500e-08  
 78200.000 5.31200e-08  
 78300.000 5.47100e-08  
 78400.000 5.33500e-08  
 78500.000 5.07200e-08  
 78600.000 6.13100e-08  
 78700.000 6.12600e-08  
 78800.000 5.14700e-08  
 78900.000 5.06500e-08  
 79000.000 4.44400e-08  
 79100.000 5.84000e-08  
 79200.000 5.67000e-08  
 79300.000 5.50700e-08  
 79400.000 4.32200e-08  
 79500.000 4.40600e-08  
 79600.000 4.24300e-08  
 79700.000 3.65600e-08  
 79800.000 3.88000e-08  
 79900.000 4.11500e-08  
 80000.000 4.21300e-08  
