# lambda pass
#
# Units:
#  "lambda" is in Angstroms
#  "pass" is the contribution to the detector signal per photon
#
# Bandpass Name(s): W1
#
# Instrument: WISE
#
# Determined by: WISE team
#
# Date of determination: sometime before 2009-Aug-04
#
# Meaning of/Reason for default column: Only column available
#
# Notes:
#  Obtained from the web site
#   http://www.astro.ucla.edu/~wright/WISE/passbands.html
#
# Mike Blanton, NYU 2011-Apr-11
#
 25300.000 6.92000e-06  
 25400.000 4.56400e-07  
 25500.000 2.49500e-07  
 25600.000 2.72000e-07  
 25700.000 9.04000e-06  
 25800.000 6.34800e-06  
 25900.000 4.13600e-06  
 26000.000 2.79300e-06  
 26099.998 0.000419800  
 26199.998 0.00137900   
 26300.002 0.00108200   
 26400.002 0.000870900  
 26500.000 0.000946700  
 26600.000 0.00101500   
 26700.000 0.00120600   
 26800.000 0.000386900  
 26900.000 0.000588500  
 27000.000 0.000928100  
 27100.000 0.00986200   
 27200.000 0.00870100   
 27300.000 0.00516400   
 27400.000 0.00383900   
 27500.000 0.00823800   
 27600.000 0.0152500    
 27700.000 0.0260300    
 27800.000 0.0497900    
 27900.000 0.0975300    
 28000.000 0.170100  
 28100.000 0.250700  
 28200.000 0.308000  
 28300.000 0.332000  
 28400.000 0.328000  
 28500.000 0.316000  
 28599.998 0.302000  
 28699.998 0.286000  
 28800.002 0.271100  
 28900.002 0.269100  
 29000.000 0.281100  
 29100.000 0.304100  
 29200.000 0.330300  
 29300.000 0.353000  
 29400.000 0.371800  
 29500.000 0.387700  
 29600.000 0.402000  
 29700.000 0.418000  
 29800.000 0.433000  
 29900.000 0.443000  
 30000.000 0.446000  
 30100.000 0.449000  
 30200.000 0.452000  
 30300.000 0.450000  
 30400.000 0.441000  
 30500.000 0.430000  
 30600.000 0.415000  
 30700.000 0.399000  
 30800.000 0.380000  
 30900.000 0.364000  
 31000.000 0.355000  
 31099.998 0.362000  
 31199.998 0.388000  
 31300.002 0.428000  
 31400.002 0.465000  
 31500.000 0.493000  
 31600.000 0.512000  
 31700.000 0.526000  
 31800.000 0.538000  
 31900.000 0.549000  
 32000.000 0.558000  
 32100.000 0.563000  
 32200.000 0.568000  
 32300.000 0.571000  
 32400.000 0.573000  
 32500.000 0.568000  
 32600.000 0.562000  
 32700.000 0.558000  
 32800.000 0.560000  
 32900.000 0.575000  
 33000.000 0.606000  
 33100.000 0.647000  
 33200.000 0.690000  
 33300.000 0.728000  
 33400.000 0.754000  
 33500.000 0.767900  
 33600.000 0.765900  
 33700.000 0.750900  
 33800.000 0.733900  
 33900.000 0.714000  
 34000.000 0.693000  
 34100.000 0.681000  
 34200.000 0.694000  
 34300.000 0.733000  
 34400.000 0.785900  
 34500.000 0.833900  
 34600.000 0.863900  
 34700.000 0.877900  
 34800.000 0.879800  
 34900.000 0.875800  
 35000.000 0.872800  
 35100.000 0.869900  
 35200.000 0.866900  
 35300.000 0.864000  
 35400.000 0.855000  
 35500.000 0.841000  
 35600.000 0.823000  
 35700.000 0.803000  
 35800.000 0.783000  
 35900.000 0.770000  
 36000.000 0.766000  
 36100.000 0.775000  
 36200.000 0.792000  
 36300.000 0.808000  
 36400.000 0.816000  
 36500.000 0.818000  
 36600.000 0.816000  
 36700.000 0.814000  
 36800.000 0.811000  
 36900.000 0.808000  
 37000.000 0.805100  
 37100.000 0.804100  
 37200.000 0.802100  
 37300.000 0.794100  
 37400.000 0.769100  
 37500.000 0.722200  
 37600.000 0.650300  
 37700.000 0.554600  
 37800.000 0.443900  
 37900.000 0.329000  
 38000.000 0.227100  
 38100.000 0.148900  
 38200.000 0.0927200  
 38300.000 0.0566000  
 38400.000 0.0348000  
 38500.000 0.0219500  
 38600.000 0.0139600  
 38700.000 0.00871500  
 38800.000 0.00533500  
 38900.000 0.00377100  
 39000.000 0.00312800  
 39100.000 0.00245800  
 39200.000 0.00186000  
 39300.000 0.00175700  
 39400.000 0.00140800  
 39500.000 0.00117200  
 39600.000 0.000876900  
 39700.000 0.000505500  
 39800.000 0.000272700  
 39900.000 3.28500e-05  
 40000.000 7.67900e-05  
 40100.004 3.35700e-05  
 40200.000 2.22400e-05  
 40300.004 1.02700e-05  
 40400.000 5.68600e-06  
 40500.000 3.84500e-06  
 40600.000 9.41200e-06  
 40700.000 8.81800e-07  
 40800.000 6.26300e-06  
 40900.000 5.74500e-06  
 41000.000 1.10100e-06  
 41100.000 2.51600e-06  
 41200.000 6.36400e-07  
 41300.000 5.05900e-07  
 41400.000 2.68900e-06  
 41500.000 2.20800e-05  
 41600.000 3.89400e-05  
 41700.000 4.66600e-05  
 41800.000 3.66800e-05  
 41900.000 2.68600e-05  
 42000.000 2.57000e-07  
 42100.000 2.34700e-07  
 42199.996 2.08900e-07  
 42300.000 1.79600e-07  
 42399.996 1.49100e-07  
 42500.000 1.10600e-06  
 42600.004 9.13600e-08  
 42700.000 7.27100e-07  
 42800.004 4.86200e-07  
 42900.000 3.78200e-07  
 43000.000 2.33500e-08  
 43100.000 1.58000e-08  
 43200.000 1.05400e-08  
 43300.000 1.53200e-07  
 43400.000 4.49300e-09  
 43500.000 2.84500e-09  
 43600.000 1.82700e-09  
 43700.000 2.84100e-08  
 43800.000 8.00300e-10  
 43900.000 5.90500e-10  
 44000.000 4.37500e-10  
 44100.000 9.24600e-09  
 44200.000 2.49700e-10  
 44300.000 1.82600e-10  
 44400.000 1.34500e-10  
 44500.000 1.40800e-09  
 44600.000 1.34300e-09  
 44699.996 5.07100e-11  
 44800.000 3.38200e-11  
 44899.996 2.66100e-11  
 45000.000 1.76700e-11  
 45100.004 1.00800e-11  
 45200.000 3.00700e-10  
 45300.004 5.64400e-12  
 45400.000 4.77700e-12  
 45500.000 3.01300e-12  
 45600.000 1.27900e-07  
 45700.000 9.88900e-08  
 45800.000 2.85600e-07  
 45900.000 1.37700e-07  
 46000.000 1.11500e-07  
 46100.000 9.87200e-08  
 46200.000 3.30300e-07  
 46300.000 1.08800e-07  
 46400.000 3.42300e-07  
 46500.000 1.57400e-07  
 46600.000 1.95000e-07  
 46700.000 3.84400e-07  
 46800.000 1.01300e-07  
 46900.000 1.75000e-07  
 47000.000 4.02300e-07  
 47100.000 1.12600e-09  
 47199.996 1.57800e-09  
 47300.000 1.09700e-09  
 47399.996 3.73600e-10  
 47500.000 4.38400e-09  
 47600.004 2.51100e-09  
 47700.000 7.46300e-10  
 47800.004 1.36400e-10  
 47900.000 3.78900e-10  
 48000.000 4.87600e-09  
 48100.000 1.20300e-10  
 48200.000 1.43000e-10  
 48300.000 9.21700e-13  
 48400.000 4.52500e-11  
 48500.000 1.10200e-09  
 48600.000 3.40400e-09  
 48700.000 8.82200e-10  
 48800.000 9.62600e-12  
 48900.000 1.21000e-09  
 49000.000 2.85000e-09  
 49100.000 3.14300e-13  
 49200.000 1.04100e-10  
 49300.000 2.51300e-09  
 49400.000 4.28800e-09  
 49500.000 1.85600e-09  
 49600.000 9.36600e-09  
 49699.996 9.99300e-09  
 49800.000 8.86900e-09  
 49899.996 2.19300e-08  
 50000.000 4.13000e-08  
 50100.004 3.00300e-08  
 50200.000 2.35700e-08  
 50300.004 1.86300e-08  
 50400.000 1.61000e-08  
 50500.000 1.67400e-08  
 50600.000 1.69300e-08  
 50700.000 1.75100e-08  
 50800.000 1.81200e-08  
 50900.000 1.82200e-08  
 51000.000 1.73300e-08  
 51100.000 1.78100e-08  
 51200.000 1.73700e-08  
 51300.000 1.80000e-08  
 51400.000 1.80400e-08  
 51500.000 1.74200e-08  
 51600.000 1.67600e-08  
 51700.000 1.64300e-08  
 51800.000 1.61900e-08  
 51900.000 1.60300e-08  
 52000.000 1.59400e-08  
 52100.000 1.54700e-08  
 52199.996 1.62000e-08  
 52300.000 1.65600e-08  
 52399.996 1.64700e-08  
 52500.000 1.78800e-08  
 52600.004 1.93600e-08  
 52700.000 2.02700e-08  
 52800.004 2.07800e-08  
 52900.000 2.20500e-08  
 53000.000 2.26900e-08  
 53100.000 2.38000e-08  
 53200.000 2.60000e-08  
 53300.000 2.64100e-08  
 53400.000 2.41200e-08  
 53500.000 2.51600e-08  
 53600.000 2.64000e-08  
 53700.000 2.56300e-08  
 53800.000 2.47700e-08  
 53900.000 2.60200e-08  
 54000.000 2.60700e-08  
 54100.000 2.58800e-08  
 54200.000 2.58100e-08  
 54300.000 2.56600e-08  
 54400.000 2.08700e-08  
 54500.000 2.38300e-08  
 54600.000 2.58900e-08  
 54699.996 2.55200e-08  
 54800.000 2.47200e-08  
 54899.996 2.58500e-08  
 55000.000 2.47500e-08  
 55100.004 2.36400e-08  
 55200.000 2.26800e-08  
 55300.004 2.14600e-08  
 55400.000 2.01100e-08  
 55500.000 1.92800e-08  
 55600.000 1.77600e-08  
 55700.000 1.59000e-08  
 55800.000 1.50000e-08  
 55900.000 1.36200e-08  
 56000.000 1.22900e-08  
 56100.000 1.12200e-08  
 56200.000 1.06800e-08  
 56300.000 9.32300e-09  
 56400.000 8.80300e-09  
 56500.000 7.47700e-09  
 56600.000 7.06700e-09  
 56700.000 6.27100e-09  
 56800.000 4.83100e-09  
 56900.000 4.24900e-09  
 57000.000 3.38400e-09  
 57100.000 2.60200e-09  
 57199.996 2.73500e-09  
 57300.000 2.54100e-09  
 57399.996 2.81400e-09  
 57500.000 3.10400e-09  
 57600.004 3.67800e-09  
 57700.000 4.38200e-09  
 57800.004 4.84600e-09  
 57900.000 5.17700e-09  
 58000.000 5.75400e-09  
 58100.000 6.25300e-09  
 58200.000 7.32700e-09  
 58300.000 7.49800e-09  
 58400.000 8.24600e-09  
 58500.000 9.09200e-09  
 58600.000 9.52400e-09  
 58700.000 9.94100e-09  
 58800.000 1.10900e-08  
 58900.000 1.17000e-08  
 59000.000 1.17600e-08  
 59100.000 1.22100e-08  
 59200.000 1.26300e-08  
 59300.000 1.40800e-08  
 59400.000 1.37600e-08  
 59500.000 1.44400e-08  
 59600.000 1.46200e-08  
 59699.996 1.56500e-08  
 59800.000 1.54900e-08  
 59899.996 1.56300e-08  
 60000.000 1.65200e-08  
 60100.004 1.58900e-08  
 60200.000 1.59600e-08  
 60300.004 1.58500e-08  
 60400.000 1.55600e-08  
 60500.000 1.63200e-08  
 60600.000 1.47800e-08  
 60700.000 1.45500e-08  
 60800.000 1.45100e-08  
 60900.000 1.43700e-08  
 61000.000 1.47100e-08  
 61100.000 1.45300e-08  
 61200.000 1.46800e-08  
 61300.000 1.52600e-08  
 61400.000 1.66400e-08  
 61500.000 1.79400e-08  
 61600.000 2.07400e-08  
 61700.000 2.01900e-08  
 61800.000 2.09100e-08  
 61900.000 2.39000e-08  
 62000.000 2.33800e-08  
 62100.000 3.25600e-08  
 62199.996 3.57800e-08  
 62300.000 4.11200e-08  
 62399.996 5.79500e-08  
 62500.000 7.89500e-08  
 62600.004 1.07900e-07  
 62700.000 1.38500e-07  
 62800.004 1.73600e-07  
 62900.000 2.02900e-07  
 63000.000 2.20300e-07  
 63100.000 1.08400e-07  
 63200.000 3.13700e-07  
 63300.000 2.95000e-07  
 63400.000 2.59000e-07  
 63500.000 2.41300e-07  
 63600.000 2.51500e-08  
 63700.000 2.03800e-08  
 63800.000 3.34900e-08  
 63900.000 1.87100e-07  
 64000.000 1.68100e-07  
 64100.000 3.33900e-07  
 64200.000 3.21000e-07  
 64300.000 2.28700e-07  
 64400.000 2.94800e-07  
 64500.000 2.88200e-07  
 64600.000 2.24100e-07  
 64699.996 2.75400e-07  
 64800.000 9.92400e-08  
 64899.996 2.73500e-07  
 65000.000 2.37600e-07  
